AA 4.417133e-01 4.671931e-01 2.311892e-01 2.458682e-01 7.005820e-02 -1.700035e-02 1.000000e+00 -1.733201e+00
AR -5.816982e-01 -1.137240e-01 -3.252486e-01 -1.305913e+00 -4.789117e-01 1.691004e-02 0.000000e+00 9.109263e-01
AN -9.425971e-02 2.794634e-01 -1.264334e-01 -1.285613e+00 -7.714810e-01 -2.658396e-01 0.000000e+00 1.153213e+00
AD 6.106255e-01 6.918416e-01 1.505541e-01 5.919661e-02 -2.247508e-01 -2.310323e-01 1.000000e+00 -1.503786e+00
AC -8.339496e-01 -1.697336e-01 -1.959721e-01 -1.195818e+00 -1.509738e-01 2.240998e-01 0.000000e+00 6.738406e-01
AQ -5.505875e-02 2.243413e-01 -9.520597e-02 2.097098e-01 -3.383018e-02 -4.145573e-02 1.000000e+00 -1.858299e+00
AE 4.797246e-01 5.342700e-01 2.516760e-01 1.602092e-01 6.943635e-02 -1.783322e-01 1.000000e+00 -1.695182e+00
AG 1.407638e-01 6.341239e-01 1.129442e-01 1.432534e-01 -2.679829e-01 1.305676e-01 0.000000e+00 8.601478e-01
AH -1.982057e-01 1.709287e-01 -3.486314e-01 -1.537019e+00 -7.430771e-01 -1.630160e-01 0.000000e+00 1.272170e+00
AI -6.817754e-01 -2.479145e-01 -1.772260e-01 -1.442294e+00 -3.539773e-01 -6.111391e-02 0.000000e+00 9.340599e-01
AL -3.588833e-03 2.894783e-01 6.348359e-02 4.014043e-01 2.563923e-01 6.963513e-02 1.000000e+00 -1.979653e+00
AK -1.580416e-01 1.894177e-01 -1.420749e-01 -1.441167e+00 -6.593487e-01 -2.184662e-01 0.000000e+00 1.238858e+00
AM 5.128412e-01 6.487569e-01 2.705890e-01 3.071242e-01 -4.191691e-02 1.224708e-01 1.000000e+00 -1.501460e+00
AF -3.526818e-01 4.716405e-02 -1.558427e-01 -1.439345e+00 -4.585355e-01 -1.686569e-01 0.000000e+00 1.052982e+00
AP 2.872330e-01 2.223646e-01 2.273417e-01 -1.262844e+00 -4.525249e-01 -8.589468e-02 0.000000e+00 1.367317e+00
AS 3.901575e-01 4.296070e-01 7.447074e-02 8.989207e-02 -8.417428e-02 -1.672972e-01 1.000000e+00 -1.618865e+00
AT 1.790181e-02 3.142949e-01 4.639204e-02 2.761117e-01 9.476692e-02 -1.064775e-02 1.000000e+00 -1.662970e+00
AW 7.108705e-01 8.368950e-01 6.104086e-02 1.495451e-01 -2.724719e-01 -1.059203e-01 1.000000e+00 -1.427585e+00
AY 6.028376e-01 5.387209e-01 3.666278e-01 2.136305e-01 6.905580e-03 -4.407602e-02 1.000000e+00 -1.553282e+00
AV 1.935006e-01 4.208546e-01 1.453945e-01 2.481844e-01 4.070970e-02 -3.692055e-02 1.000000e+00 -1.693165e+00
RA -4.367911e-01 -7.926462e-02 -2.182843e-01 -1.449264e+00 -3.905414e-01 -1.576569e-01 0.000000e+00 8.995566e-01
RR 3.570159e-01 5.685323e-01 9.664929e-02 2.642990e-01 6.632853e-03 -3.086028e-02 1.000000e+00 -1.653127e+00
RN -3.732041e-01 3.416911e-01 -9.377059e-02 -9.613941e-01 -4.983232e-01 -2.181800e-01 0.000000e+00 7.941650e-01
RD 7.137326e-02 1.245287e-01 -6.266002e-02 -1.589038e+00 -7.143099e-01 -3.770940e-01 0.000000e+00 1.273338e+00
RC 3.852642e-01 5.566132e-01 -5.971726e-02 8.944012e-02 -2.251849e-01 -2.218638e-01 1.000000e+00 -1.541692e+00
RQ 1.658831e-01 2.827143e-01 -7.644308e-02 1.669063e-01 -1.948453e-01 -2.125453e-01 1.000000e+00 -1.842942e+00
RE 7.451383e-02 2.996594e-01 6.049662e-03 -1.540475e+00 -8.009878e-01 -4.359062e-01 0.000000e+00 1.363288e+00
RG 2.505752e-01 6.089255e-01 6.249854e-02 5.058294e-02 -1.186088e-01 1.806799e-01 0.000000e+00 7.513622e-01
RH 6.290795e-01 5.721676e-01 2.083080e-01 2.573275e-01 -3.496358e-02 -1.324385e-01 1.000000e+00 -1.655147e+00
RI 3.906565e-01 5.277361e-01 1.012423e-01 5.517308e-02 -2.217076e-02 -1.410877e-01 1.000000e+00 -1.657803e+00
RL 2.577914e-01 4.627290e-01 1.087592e-01 2.217908e-01 6.578896e-02 3.588020e-02 1.000000e+00 -1.734595e+00
RK -5.040667e-01 -3.285750e-01 -2.449268e-01 -1.305281e+00 -6.477175e-01 -1.936095e-01 0.000000e+00 9.076515e-01
RM 3.310756e-01 4.673879e-01 7.297579e-02 2.721078e-01 1.194850e-01 1.020581e-01 1.000000e+00 -1.737936e+00
RF -7.527941e-01 -5.148675e-02 -9.623851e-02 -1.283776e+00 -2.457886e-01 1.416594e-01 0.000000e+00 9.376168e-01
RP 4.581886e-02 2.848896e-02 1.525725e-02 -1.255426e+00 -2.443791e-01 -6.057269e-03 0.000000e+00 1.137124e+00
RS 4.671088e-01 5.884244e-01 2.908152e-01 2.664196e-01 1.207626e-01 -2.130374e-02 1.000000e+00 -1.658609e+00
RT -1.264658e+00 -4.113424e-01 -2.397842e-01 -1.096827e+00 -7.003871e-02 2.705083e-01 0.000000e+00 7.634784e-01
RW -1.198082e+00 -2.854769e-01 -9.441151e-02 -9.845292e-01 1.154004e-01 6.047865e-01 0.000000e+00 4.826731e-01
RY -5.650140e-02 4.182463e-01 1.290242e-01 4.415763e-01 3.101010e-01 2.605276e-01 1.000000e+00 -1.896995e+00
RV 3.349317e-01 5.373354e-01 9.874018e-02 2.816817e-01 1.068164e-01 -3.031707e-02 1.000000e+00 -1.572461e+00
NA 3.184130e-01 1.945949e-01 3.384276e-02 4.037884e-01 9.379928e-02 7.159816e-02 1.000000e+00 -1.860970e+00
NR -6.930961e-01 -2.952751e-01 -1.486400e-01 -1.023391e+00 -1.713874e-01 5.099614e-02 0.000000e+00 7.203307e-01
NN -4.125488e-01 2.148030e-02 -1.771962e-01 -6.640988e-01 -3.348777e-01 1.818358e-01 0.000000e+00 6.767329e-01
ND -6.915319e-01 -2.523359e-01 -2.054029e-01 -1.165278e+00 -1.928486e-01 1.136180e-01 0.000000e+00 7.851459e-01
NC -7.400423e-01 -4.537094e-01 -5.224533e-01 -1.002928e+00 -2.535423e-01 -6.654750e-03 0.000000e+00 8.636725e-01
NQ -6.605174e-01 -1.537442e-01 -1.301829e-01 -8.996560e-01 -1.703315e-01 6.871636e-02 0.000000e+00 6.606568e-01
NE 3.585686e-01 3.344039e-01 7.986319e-02 4.404854e-01 1.033426e-01 7.217085e-02 1.000000e+00 -1.820050e+00
NG 2.643605e-01 4.935749e-01 -1.500220e-01 3.029680e-02 -1.055261e-01 1.062204e-01 0.000000e+00 7.304746e-01
NH -3.431657e-01 2.278135e-01 -3.535423e-01 -8.907974e-01 -3.867127e-01 -1.807989e-02 0.000000e+00 7.976804e-01
NI -6.621170e-01 -3.080479e-01 -4.472955e-02 -1.304700e+00 -1.714772e-01 -1.136892e-02 0.000000e+00 8.773441e-01
NL -2.969170e-01 -1.946988e-01 -1.774323e-01 -1.448573e+00 -4.716870e-01 -5.601315e-02 0.000000e+00 1.010088e+00
NK -5.643788e-01 -1.398993e-01 -2.445326e-01 -8.868682e-01 -2.515224e-01 1.141729e-01 0.000000e+00 6.717008e-01
NM -2.335836e-01 2.439647e-01 -1.219002e-01 -1.132883e+00 -4.379247e-01 -3.286100e-01 0.000000e+00 9.535505e-01
NF -7.406241e-01 -8.742493e-02 2.914207e-02 -8.970853e-01 3.004848e-02 7.461843e-02 0.000000e+00 6.698722e-01
NP 2.000393e-01 2.098814e-01 7.310280e-02 -1.386409e+00 -3.270410e-01 -4.319277e-02 0.000000e+00 1.200954e+00
NS -7.276311e-01 -2.880691e-01 -1.102996e-01 -1.072165e+00 5.291938e-03 1.958206e-01 0.000000e+00 7.871192e-01
NT -9.263298e-01 -4.596037e-01 -1.639798e-01 -1.007888e+00 -8.062572e-02 1.486400e-01 0.000000e+00 7.686663e-01
NW -1.031333e+00 -7.523172e-01 -3.936622e-01 -1.407875e+00 -1.083421e-01 2.951671e-01 0.000000e+00 5.166623e-01
NY -1.329393e-01 7.765855e-04 -6.003339e-03 -1.334433e+00 -5.207449e-01 -1.653176e-01 0.000000e+00 1.062755e+00
NV 2.573632e-01 8.562848e-02 -3.074092e-02 2.037770e-01 1.874849e-02 -7.057040e-03 1.000000e+00 -1.708669e+00
DA 7.206160e-01 5.549962e-01 6.006769e-02 1.870589e-01 -3.609919e-02 -1.150396e-01 1.000000e+00 -1.605498e+00
DR 7.689152e-01 7.448757e-01 1.213058e-01 3.279011e-01 -2.138725e-01 -4.565305e-02 1.000000e+00 -1.553221e+00
DN -3.365790e-01 1.259954e-01 -2.651914e-01 -9.479130e-01 -4.708483e-01 2.198170e-01 0.000000e+00 8.228050e-01
DD 6.722437e-01 6.745283e-01 2.161035e-01 2.375734e-01 5.391880e-02 -1.602442e-01 1.000000e+00 -1.665920e+00
DC 6.345044e-01 4.417314e-01 -1.624292e-01 1.183041e-01 -2.166602e-01 -2.509350e-01 1.000000e+00 -1.562684e+00
DQ -4.514175e-01 -1.586597e-01 -2.017923e-01 -1.244802e+00 -4.501529e-01 -2.059082e-02 0.000000e+00 9.326954e-01
DE 3.095978e-01 4.404308e-01 1.713313e-01 3.556598e-01 1.329721e-01 4.312147e-02 1.000000e+00 -1.749662e+00
DG 2.145059e-01 5.772227e-01 -1.437019e-01 2.211371e-02 -1.146020e-01 1.910113e-01 0.000000e+00 7.060140e-01
DH -6.315978e-02 1.864039e-01 -3.450692e-01 -1.227961e+00 -8.279356e-01 -3.175198e-01 0.000000e+00 8.700141e-01
DI 1.740459e-01 3.333349e-01 3.561189e-02 1.993114e-01 -2.096137e-02 -4.673684e-02 1.000000e+00 -1.775660e+00
DL 4.244208e-01 4.401111e-01 8.258425e-03 2.591139e-01 6.390364e-02 -1.367569e-02 1.000000e+00 -1.746863e+00
DK -7.915221e-01 -3.858754e-01 -3.441367e-01 -1.176816e+00 -3.800580e-01 8.950824e-02 0.000000e+00 7.338785e-01
DM 1.135064e+00 6.519288e-01 -1.279257e-01 -6.161133e-02 -4.593457e-01 -3.480279e-01 1.000000e+00 -1.426097e+00
DF -3.649536e-01 -5.717834e-02 -2.455454e-01 -1.254211e+00 -4.821349e-01 -1.553882e-01 0.000000e+00 9.383466e-01
DP 1.863590e-01 3.042117e-01 1.790721e-02 -1.455248e+00 -1.603546e-01 1.011125e-01 0.000000e+00 1.142086e+00
DS 6.876151e-01 4.674391e-01 -2.771698e-03 4.752471e-02 -2.114952e-01 -1.031930e-01 1.000000e+00 -1.472474e+00
DT 2.312090e-01 2.923778e-01 5.934765e-02 3.559166e-01 9.870392e-02 7.155995e-03 1.000000e+00 -1.706801e+00
DW -2.118439e-01 2.142594e-01 -1.390371e-01 -1.073635e+00 -4.427278e-01 -8.246879e-02 0.000000e+00 8.731471e-01
DY 6.309106e-01 6.651359e-01 1.191625e-01 3.769015e-01 -8.783081e-02 -1.079024e-01 1.000000e+00 -1.709504e+00
DV 5.771271e-01 3.453794e-01 -3.522751e-04 7.329811e-02 -1.937375e-01 -1.748618e-01 1.000000e+00 -1.523031e+00
CA -2.472564e-01 -2.086171e-01 -2.257583e-01 -1.497590e+00 -5.662523e-01 -3.370586e-01 0.000000e+00 1.166111e+00
CR 2.650328e-01 4.230230e-01 1.758259e-01 -1.346847e+00 -3.981665e-01 1.807503e-02 0.000000e+00 1.451956e+00
CN -7.318235e-01 -2.255077e-01 2.352924e-01 -8.000795e-01 1.348899e-01 4.951529e-01 0.000000e+00 7.419859e-01
CD -7.631089e-01 -2.787281e-01 -3.209685e-01 -1.202315e+00 -7.543116e-02 3.078741e-01 0.000000e+00 8.937298e-01
CC -6.639997e-01 2.572934e-01 9.898294e-02 -1.203649e+00 -2.248259e-01 1.525383e-01 0.000000e+00 1.230430e+00
CQ -4.352148e-01 -1.052009e-01 -3.756145e-01 -1.488695e+00 -5.411894e-01 -2.231953e-01 0.000000e+00 1.007402e+00
CE 2.572910e-01 1.994481e-01 -1.327856e-01 3.211475e-01 -3.099265e-02 1.127178e-01 1.000000e+00 -1.857996e+00
CG 3.627226e-01 4.563093e-01 -1.185862e-01 -2.324371e-01 -4.236851e-02 1.000687e-01 0.000000e+00 6.537935e-01
CH 2.626733e-04 -2.161488e-02 -1.294438e-01 3.788390e-01 -3.651981e-01 -4.478569e-02 1.000000e+00 -1.867441e+00
CI 2.127610e-01 2.699639e-01 -1.151557e-01 -1.336816e-01 -2.300970e-02 6.516187e-02 1.000000e+00 -1.504288e+00
CL 3.438736e-02 2.160190e-01 -4.274027e-02 2.777757e-01 1.552807e-01 1.977932e-01 1.000000e+00 -1.895032e+00
CK -1.232567e-01 -3.805917e-02 -1.725368e-01 2.244830e-01 5.482886e-02 9.427294e-02 1.000000e+00 -1.783669e+00
CM 7.370215e-01 1.452834e+00 8.362076e-01 1.149760e-02 7.395966e-01 8.968233e-01 1.000000e+00 -1.354151e+00
CF -7.418545e-01 -2.530344e-01 -3.143262e-01 -1.052686e+00 -1.095714e-01 1.174404e-02 0.000000e+00 5.740998e-01
CP 1.167433e+00 9.519906e-01 3.327039e-01 3.275253e-01 3.385257e-01 2.689396e-01 1.000000e+00 -1.396690e+00
CS -1.063862e+00 -4.643576e-01 -3.530334e-01 -1.415159e+00 -2.272318e-01 1.184465e-01 0.000000e+00 8.196215e-01
CT 3.855668e-01 4.355552e-01 4.545724e-02 1.803479e-01 -1.202578e-01 -1.829347e-01 1.000000e+00 -1.512843e+00
CW -6.528287e-01 -4.158540e-01 -3.704902e-01 -1.676776e+00 -1.715938e-01 -9.860635e-02 0.000000e+00 9.908196e-01
CY 1.230364e-01 5.936325e-01 5.272718e-01 1.375628e-01 -1.578454e-01 -1.643959e-01 1.000000e+00 -1.595133e+00
CV -2.047815e-01 8.221193e-02 3.939127e-03 2.756240e-01 3.896526e-01 1.381792e-01 1.000000e+00 -1.800974e+00
QA 5.888372e-01 4.360672e-01 4.894519e-02 1.476302e-01 -1.510147e-01 -1.895004e-01 1.000000e+00 -1.651497e+00
QR -7.376260e-01 -7.090468e-02 -2.137357e-01 -1.150758e+00 -1.773589e-01 1.447999e-01 0.000000e+00 8.235515e-01
QN -7.387672e-01 -1.447620e-02 -1.663635e-01 -9.769912e-01 -4.986045e-01 -1.079858e-01 0.000000e+00 7.102393e-01
QD 7.731493e-01 8.190303e-01 2.623773e-01 1.626658e-01 -1.752080e-01 -1.755281e-01 1.000000e+00 -1.498582e+00
QC -5.463628e-01 -4.453755e-01 -3.036668e-01 -1.304933e+00 -5.703313e-01 1.455145e-01 0.000000e+00 7.652328e-01
QQ -4.149074e-02 2.902780e-01 4.236173e-02 4.959422e-01 1.478507e-01 5.769114e-02 1.000000e+00 -1.943895e+00
QE -8.753189e-01 -2.527411e-01 -3.814854e-01 -1.245663e+00 -3.672793e-01 1.030412e-01 0.000000e+00 9.172957e-01
QG 2.854755e-01 5.407464e-01 2.560096e-02 7.932293e-02 -1.303499e-02 1.591129e-01 0.000000e+00 6.828228e-01
QH -7.471333e-01 -1.332725e-01 -2.642177e-01 -9.683712e-01 -5.193952e-01 4.647535e-01 0.000000e+00 8.767327e-01
QI 6.605146e-01 3.689012e-01 -2.946450e-01 -2.143324e-01 -4.039638e-01 -1.633495e-01 1.000000e+00 -1.463597e+00
QL -3.115059e-02 1.110005e-01 -1.117620e-01 2.549150e-01 1.931693e-01 1.836706e-01 1.000000e+00 -1.938198e+00
QK 4.631967e-01 5.343662e-01 6.396146e-02 3.401578e-01 -1.523630e-01 -6.856591e-02 1.000000e+00 -1.662387e+00
QM 1.032263e-01 4.839566e-01 1.279016e-01 4.324457e-01 4.525319e-02 -8.859049e-02 1.000000e+00 -1.740232e+00
QF -8.764749e-01 -2.322223e-01 -9.795632e-02 -9.849313e-01 -1.390717e-01 1.151927e-01 0.000000e+00 7.066664e-01
QP 4.139818e-01 3.982376e-01 1.156186e-01 -1.429806e+00 -2.838775e-01 6.775824e-03 0.000000e+00 1.241771e+00
QS -7.925824e-01 -9.040808e-02 -1.815940e-01 -1.148714e+00 -7.826337e-02 1.441918e-01 0.000000e+00 7.809243e-01
QT -1.155046e+00 -4.513234e-01 -3.572739e-01 -1.203472e+00 -3.505894e-02 2.469612e-01 0.000000e+00 7.924336e-01
QW 1.012036e+00 7.990681e-01 -2.455297e-02 -1.613650e-01 -4.664496e-01 -1.875666e-01 1.000000e+00 -1.371714e+00
QY -8.776309e-01 -3.165600e-01 -3.126923e-01 -1.151354e+00 -1.421740e-01 3.161052e-01 0.000000e+00 6.084757e-01
QV -8.402870e-01 -1.655439e-01 -8.618407e-02 -1.116697e+00 -4.753183e-02 8.211978e-02 0.000000e+00 8.104511e-01
EA 2.226599e-01 4.110464e-01 6.672694e-02 2.743976e-01 1.041381e-01 -5.924605e-03 1.000000e+00 -1.865040e+00
ER 5.537928e-01 5.583739e-01 -3.674775e-02 2.759931e-01 -1.896844e-01 -3.786166e-02 1.000000e+00 -1.676670e+00
EN -7.011572e-01 2.152957e-01 7.554051e-02 -7.577807e-01 -1.513364e-01 2.414811e-01 0.000000e+00 7.219868e-01
ED -7.344209e-01 -1.849633e-01 -1.451067e-01 -1.253495e+00 -2.172570e-01 5.326357e-02 0.000000e+00 7.348332e-01
EC 4.841934e-01 5.549640e-01 1.995408e-01 4.224259e-01 1.303283e-01 -6.467392e-02 1.000000e+00 -1.703847e+00
EQ 6.320676e-03 2.866608e-01 -2.860725e-01 3.750644e-01 -2.031119e-01 -6.941519e-02 1.000000e+00 -1.867000e+00
EE 1.650129e-01 4.564697e-01 1.416407e-01 4.000186e-01 2.647646e-01 2.875941e-01 1.000000e+00 -1.882120e+00
EG 2.684369e-01 7.298916e-01 -2.977794e-02 5.293236e-02 -1.109914e-01 3.946671e-02 0.000000e+00 8.595716e-01
EH 1.036274e+00 8.558702e-01 -1.459628e-02 5.239282e-02 -3.778750e-01 -4.168474e-01 1.000000e+00 -1.399687e+00
EI 2.791639e-02 3.203135e-01 2.759981e-02 2.373505e-01 1.321504e-01 1.536007e-03 1.000000e+00 -1.774029e+00
EL 6.054046e-01 4.930691e-01 3.225193e-02 1.587794e-02 -1.433285e-01 -1.115872e-01 1.000000e+00 -1.595261e+00
EK 4.691338e-01 5.769728e-01 4.478743e-02 2.924240e-01 -1.820719e-01 -1.540905e-01 1.000000e+00 -1.635283e+00
EM -1.039729e+00 -2.535114e-01 -1.276067e-02 -9.553163e-01 -2.254119e-02 2.441464e-01 0.000000e+00 6.415885e-01
EF 2.917103e-01 4.564032e-01 -4.828683e-02 1.412006e-01 -7.777281e-02 3.595845e-03 1.000000e+00 -1.668878e+00
EP 3.257544e-01 2.535660e-01 4.522089e-02 -1.308921e+00 -2.660662e-01 2.309130e-02 0.000000e+00 1.242658e+00
ES 4.539479e-01 5.710486e-01 5.551644e-02 9.661838e-02 -1.348585e-01 -1.491197e-01 1.000000e+00 -1.551513e+00
ET 8.732393e-02 3.440029e-01 8.658737e-02 2.109554e-01 1.175616e-01 3.235230e-02 1.000000e+00 -1.672774e+00
EW -1.548262e-02 1.442400e-01 3.935240e-02 2.573380e-01 1.797133e-01 6.803077e-02 1.000000e+00 -1.892055e+00
EY 3.879758e-01 6.968515e-01 6.702826e-02 3.832660e-01 3.192444e-02 3.274792e-02 1.000000e+00 -1.777714e+00
EV 6.974834e-02 2.913986e-01 9.978115e-02 3.497777e-01 2.010703e-01 6.897501e-02 1.000000e+00 -1.821004e+00
GA 7.772821e-02 -5.067252e-02 1.044664e-02 1.059554e-01 1.552075e-01 -1.201866e-01 1.000000e+00 -1.881659e+00
GR 1.323174e-01 -1.065471e-01 2.671419e-02 1.766590e-01 1.783196e-01 -8.641165e-02 1.000000e+00 -1.816413e+00
GN 7.053761e-02 8.509747e-03 1.862026e-02 1.312201e-01 5.106486e-02 -1.674173e-01 1.000000e+00 -1.891588e+00
GD 6.642554e-02 -4.447771e-02 -1.025118e-02 6.837741e-02 1.004427e-01 -9.932280e-02 1.000000e+00 -1.976117e+00
GC 2.008750e-01 2.387575e-02 1.360528e-02 2.425081e-01 1.616550e-01 -1.633551e-01 1.000000e+00 -1.808472e+00
GQ 1.082855e-01 -8.237994e-02 -5.065283e-02 1.603126e-01 8.610694e-02 -1.120977e-01 1.000000e+00 -1.871097e+00
GE 1.542820e-01 -1.065717e-01 -5.668832e-02 2.039743e-01 1.358347e-01 -8.139337e-02 1.000000e+00 -1.832315e+00
GG -2.252230e-01 3.671522e-01 -5.213707e-01 -5.140888e-01 2.858420e-01 5.945671e-01 0.000000e+00 4.356180e-01
GH 7.134834e-02 -4.428134e-02 -9.776695e-02 1.422426e-01 1.830494e-01 -1.671078e-03 1.000000e+00 -1.793290e+00
GI 1.310801e-01 -8.020530e-02 6.410624e-02 1.319829e-01 2.042056e-01 5.132384e-02 1.000000e+00 -1.809010e+00
GL 1.482647e-01 -5.750926e-02 1.128216e-01 2.197571e-01 1.982632e-01 6.426456e-02 1.000000e+00 -1.873120e+00
GK 2.262534e-01 -1.622228e-01 -1.420526e-02 2.769815e-01 8.246873e-02 7.593138e-02 1.000000e+00 -1.901337e+00
GM 9.424560e-03 -3.156221e-02 3.390489e-02 1.034649e-01 2.019978e-01 -1.028016e-01 1.000000e+00 -1.836025e+00
GF 1.133445e-01 -1.014380e-01 7.561581e-02 2.952502e-01 2.526948e-01 -7.432824e-03 1.000000e+00 -1.890641e+00
GP -5.528941e-01 -1.497220e-01 -1.888645e-03 2.125722e-01 1.760079e-01 -2.503050e-01 1.000000e+00 -1.698932e+00
GS 1.171731e-01 4.725416e-03 -1.294099e-02 7.268302e-02 2.577638e-01 -1.362327e-01 1.000000e+00 -1.685312e+00
GT 2.797833e-02 -9.016909e-02 -9.742175e-03 5.285812e-02 2.859202e-01 -1.381677e-01 1.000000e+00 -1.668197e+00
GW 1.614692e-01 -6.469288e-02 8.244481e-02 8.306645e-02 3.224948e-01 7.935816e-04 1.000000e+00 -1.775940e+00
GY 1.995624e-01 -4.198317e-02 1.490966e-01 1.353481e-01 3.809755e-01 3.558896e-02 1.000000e+00 -1.677253e+00
GV 1.188675e-01 -1.393727e-01 2.618121e-02 1.856209e-01 1.528904e-01 -2.561020e-02 1.000000e+00 -1.802864e+00
HA 7.384200e-01 5.069745e-01 2.629497e-01 2.116086e-01 1.937276e-02 -5.805465e-02 1.000000e+00 -1.672690e+00
HR -1.011370e+00 -2.153187e-01 -4.153562e-02 -9.284523e-01 8.059844e-02 1.507620e-01 0.000000e+00 6.216589e-01
HN -2.433074e-01 2.422841e-01 -3.400320e-01 -9.888510e-01 -5.797145e-01 -7.304011e-03 0.000000e+00 1.098693e+00
HD -7.256104e-01 -1.470007e-01 1.511770e-02 -9.261243e-01 4.300939e-02 2.162052e-01 0.000000e+00 6.473627e-01
HC -3.946651e-02 3.320028e-01 -3.167421e-02 5.271823e-01 -3.163844e-02 -2.368289e-01 1.000000e+00 -1.952263e+00
HQ -2.029887e-01 -9.071283e-02 -2.711793e-01 -1.347913e+00 -4.257836e-01 -1.624925e-01 0.000000e+00 9.916986e-01
HE -5.073400e-01 -1.176366e-02 -3.052901e-01 -1.360329e+00 -4.214132e-01 -1.124028e-01 0.000000e+00 1.025806e+00
HG 2.761930e-01 4.328564e-01 1.417061e-01 9.448991e-02 -4.517679e-02 -2.409063e-02 0.000000e+00 8.966668e-01
HH 5.195231e-01 8.033806e-01 2.949261e-01 4.442274e-01 -1.017504e-01 -1.681474e-01 1.000000e+00 -1.613008e+00
HI 1.674074e-01 3.094904e-01 5.816142e-02 4.437612e-01 3.120321e-01 1.339723e-01 1.000000e+00 -1.863258e+00
HL -3.494295e-01 -1.370858e-01 -1.639495e-01 -1.479122e+00 -3.650358e-01 -1.028614e-01 0.000000e+00 1.037586e+00
HK -1.533055e+00 -8.021849e-01 -6.616088e-01 -9.994466e-01 4.879618e-02 4.215827e-01 0.000000e+00 2.782353e-01
HM -1.141205e+00 -3.277474e-01 -2.429199e-02 -9.120274e-01 1.385622e-01 6.594669e-02 0.000000e+00 5.487499e-01
HF -3.842050e-01 7.082649e-02 1.703893e-01 -1.204099e+00 -2.766546e-01 -5.934910e-02 0.000000e+00 1.007262e+00
HP 2.064344e-01 1.753749e-01 9.745364e-02 -1.385904e+00 -3.114056e-01 -5.565437e-02 0.000000e+00 1.178662e+00
HS -9.160906e-01 -4.377415e-01 -3.944207e-01 -1.125684e+00 -2.415587e-01 3.817715e-02 0.000000e+00 7.528863e-01
HT -8.831753e-01 -2.100030e-01 8.100402e-03 -1.131200e+00 2.536182e-02 7.243005e-02 0.000000e+00 8.577022e-01
HW -1.559202e+00 -6.796218e-01 2.418063e-01 -8.762253e-01 5.569878e-01 4.341911e-01 0.000000e+00 4.222110e-01
HY 1.621819e+00 6.105881e-01 -2.196646e-01 -5.745884e-01 -1.042691e+00 -4.380251e-01 1.000000e+00 -8.870061e-01
HV -4.633288e-01 -8.141770e-04 -1.191875e-02 5.292282e-01 3.831273e-01 1.362783e-01 1.000000e+00 -2.116543e+00
IA 4.708695e-01 6.923444e-01 1.652749e-01 1.580430e-01 -1.407125e-01 1.339833e-02 1.000000e+00 -1.556464e+00
IR 2.106808e-01 4.650249e-01 4.031403e-03 2.309244e-01 -1.730152e-01 1.277364e-02 1.000000e+00 -1.657885e+00
IN 9.188530e-01 9.424599e-01 2.563238e-01 1.366450e-01 -4.932142e-01 -1.344160e-01 1.000000e+00 -1.152128e+00
ID 8.754592e-01 8.652479e-01 3.307687e-01 9.036850e-02 -4.899788e-01 -2.532564e-01 1.000000e+00 -1.220819e+00
IC -9.726885e-01 -7.072337e-02 -1.760412e-03 -1.182794e+00 -8.286398e-02 1.625358e-01 0.000000e+00 7.609612e-01
IQ 4.578990e-01 7.953830e-01 1.414560e-01 4.967062e-01 -3.133799e-01 -7.630561e-02 1.000000e+00 -1.519806e+00
IE 1.739970e-01 4.918889e-01 -3.575177e-02 1.771065e-01 -1.767612e-01 7.648669e-02 1.000000e+00 -1.592788e+00
IG 1.435862e-01 4.978792e-01 1.155635e-01 2.712989e-01 -2.163862e-01 3.520758e-01 0.000000e+00 8.516170e-01
IH -1.207849e+00 -2.153677e-02 3.548656e-02 -7.682160e-01 9.536265e-02 4.115313e-01 0.000000e+00 6.174041e-01
II 1.530595e-01 4.238411e-01 -1.060638e-01 9.490344e-02 -1.575825e-01 7.941672e-02 1.000000e+00 -1.642727e+00
IL -2.678780e-01 -2.047994e-02 -2.975306e-01 -1.614386e+00 -7.698391e-01 -2.177472e-01 0.000000e+00 1.182293e+00
IK 6.863864e-01 8.193104e-01 1.781210e-01 1.465727e-01 -4.177811e-01 -1.700814e-01 1.000000e+00 -1.439400e+00
IM -1.219255e+00 8.048097e-02 1.405083e-01 -7.013204e-01 2.434198e-01 5.241843e-01 0.000000e+00 7.413575e-01
IF 6.450687e-01 6.522556e-01 1.010211e-01 4.069437e-02 -1.483228e-01 -7.316394e-02 1.000000e+00 -1.472847e+00
IP 9.290755e-01 8.006695e-01 2.334778e-01 3.457501e-01 2.108981e-01 1.518234e-01 1.000000e+00 -1.607160e+00
IS 4.259185e-01 8.116658e-01 1.878338e-01 2.405203e-01 -2.012087e-01 3.100555e-02 1.000000e+00 -1.370486e+00
IT 1.991408e-01 4.055874e-01 1.378633e-01 2.295725e-01 -1.499503e-01 -2.969668e-02 1.000000e+00 -1.483268e+00
IW 1.613041e+00 1.804210e+00 -1.253804e-01 3.601378e-01 -9.689143e-01 -6.587583e-01 1.000000e+00 -1.407796e+00
IY 6.992732e-01 4.013360e-01 -1.141919e-01 -1.793705e-01 -4.233512e-01 -3.339148e-01 1.000000e+00 -1.466754e+00
IV -6.847578e-02 2.892883e-01 4.190334e-03 3.321508e-01 4.199572e-02 7.356171e-02 1.000000e+00 -1.797884e+00
LA 4.575006e-01 5.810559e-01 1.038234e-01 2.659857e-01 1.038889e-02 2.040877e-02 1.000000e+00 -1.702720e+00
LR 5.269482e-01 3.649249e-01 -2.674964e-01 -5.326365e-02 -4.930012e-01 -1.904577e-01 1.000000e+00 -1.616336e+00
LN 8.373681e-01 9.236766e-01 1.868661e-01 4.691602e-01 -1.321725e-01 8.222231e-02 1.000000e+00 -1.612820e+00
LD 5.993874e-01 6.803577e-01 2.348937e-02 2.104587e-01 -2.051378e-01 -9.927474e-02 1.000000e+00 -1.580316e+00
LC -9.595216e-01 1.277221e-02 -1.198016e-02 -7.589776e-01 -5.148971e-02 2.394601e-01 0.000000e+00 4.887019e-01
LQ 7.685492e-01 5.844661e-01 -2.056725e-01 -2.123199e-02 -4.793169e-01 -2.884697e-01 1.000000e+00 -1.554436e+00
LE 1.107452e-02 2.280568e-01 -1.619232e-01 2.755929e-01 -7.578255e-02 -2.605740e-02 1.000000e+00 -1.982400e+00
LG 8.493584e-03 6.181501e-01 9.006716e-02 -6.637711e-02 -2.872695e-01 1.739107e-01 0.000000e+00 5.197040e-01
LH -5.194989e-01 1.904780e-01 -2.036698e-01 -1.158850e+00 -4.464395e-01 9.327249e-02 0.000000e+00 9.450765e-01
LI 2.382183e-01 4.351308e-01 8.269812e-02 3.330831e-01 1.424173e-01 4.801734e-03 1.000000e+00 -1.802862e+00
LL -6.920632e-01 -2.821975e-01 -2.504637e-01 -1.266164e+00 -2.356885e-01 1.766600e-01 0.000000e+00 7.295294e-01
LK -5.922832e-01 -1.966122e-01 -4.404854e-01 -1.409433e+00 -5.850756e-01 -1.651859e-01 0.000000e+00 8.884699e-01
LM -1.143481e+00 -2.125208e-01 3.755198e-02 -9.180690e-01 2.104642e-01 2.202473e-01 0.000000e+00 5.360851e-01
LF 6.975410e-01 4.948743e-01 -2.372621e-01 -1.639566e-01 -5.704264e-01 -1.093332e-01 1.000000e+00 -1.355878e+00
LP 2.035712e-01 2.424772e-01 1.769007e-01 -1.367435e+00 -4.571478e-01 -8.571106e-02 0.000000e+00 1.236928e+00
LS 5.561955e-01 6.784343e-01 1.121651e-01 1.677817e-01 -8.619072e-02 -1.080245e-01 1.000000e+00 -1.524142e+00
LT 2.411159e-01 4.953484e-01 4.871052e-02 2.090694e-01 8.522623e-04 2.912635e-02 1.000000e+00 -1.569910e+00
LW 1.260526e+00 6.991799e-01 7.751049e-02 -1.681444e-01 -4.614793e-01 -3.164159e-01 1.000000e+00 -1.310442e+00
LY 8.360158e-01 5.333463e-01 1.233196e-01 -6.608751e-02 -9.623456e-02 -1.741757e-01 1.000000e+00 -1.521518e+00
LV -6.834503e-01 -2.643638e-01 -1.495738e-01 -1.418850e+00 -2.316118e-01 -3.235058e-02 0.000000e+00 9.043079e-01
KA 5.110173e-01 5.247387e-01 7.500600e-02 2.097388e-01 -2.379120e-02 -7.304907e-02 1.000000e+00 -1.678408e+00
KR 4.507858e-01 4.277493e-01 7.415050e-02 2.689454e-01 -6.207974e-02 -5.198427e-02 1.000000e+00 -1.715547e+00
KN -3.719176e-01 2.424064e-02 1.533120e-02 -8.980994e-01 -3.040580e-01 3.356529e-01 0.000000e+00 7.418678e-01
KD 7.190121e-01 6.833860e-01 5.011765e-01 3.631387e-01 9.014326e-02 -1.181289e-01 1.000000e+00 -1.711520e+00
KC -1.360556e+00 -8.062834e-01 -4.626698e-01 -1.305438e+00 1.708131e-02 5.261090e-01 0.000000e+00 5.575715e-01
KQ 6.604647e-01 5.921717e-01 -1.019026e-02 1.994828e-01 -3.664692e-01 -1.443755e-01 1.000000e+00 -1.563058e+00
KE 5.229117e-01 5.837922e-01 2.394752e-01 1.827403e-01 -1.780043e-01 -1.429047e-01 1.000000e+00 -1.566848e+00
KG 2.696650e-01 4.927690e-01 1.398540e-01 8.004269e-02 -1.436998e-01 1.997540e-01 0.000000e+00 6.976636e-01
KH -6.072125e-01 1.253428e-01 -3.240559e-01 -9.780477e-01 -3.957697e-01 -1.278803e-02 0.000000e+00 7.686352e-01
KI 2.658670e-01 5.055347e-01 1.879036e-01 2.820975e-01 7.479944e-02 -5.762665e-02 1.000000e+00 -1.713302e+00
KL 4.417013e-01 5.483087e-01 1.753299e-01 2.010446e-01 7.499487e-02 -3.633443e-02 1.000000e+00 -1.687392e+00
KK -4.660557e-01 -1.156704e-01 -2.231455e-01 -1.248850e+00 -5.076235e-01 -1.044450e-01 0.000000e+00 9.227634e-01
KM -8.703357e-01 -7.146116e-02 -7.757506e-02 -9.499790e-01 3.845736e-02 1.619580e-01 0.000000e+00 5.893515e-01
KF -4.923056e-01 -1.034680e-01 -9.229751e-02 -1.371120e+00 -5.104425e-01 3.412988e-02 0.000000e+00 1.082807e+00
KP 4.291351e-01 4.466795e-01 1.515566e-01 -1.403156e+00 -2.530384e-01 9.570336e-02 0.000000e+00 1.255765e+00
KS 4.286821e-01 5.765038e-01 1.513314e-01 3.464399e-01 2.673005e-02 -1.864568e-02 1.000000e+00 -1.619827e+00
KT 3.362628e-01 4.415127e-01 -2.705614e-02 1.192218e-01 -1.525235e-01 -1.310900e-01 1.000000e+00 -1.480440e+00
KW 8.164667e-01 8.481077e-01 3.359963e-01 2.699582e-01 9.665901e-02 8.335523e-02 1.000000e+00 -1.472869e+00
KY -1.067608e+00 -1.667026e-01 -5.709074e-02 -8.873761e-01 9.422736e-03 1.812597e-01 0.000000e+00 6.351589e-01
KV -6.766569e-01 -2.316750e-01 -1.732735e-01 -1.328457e+00 -2.542337e-01 3.586276e-02 0.000000e+00 8.773183e-01
MA 7.698930e-01 5.970300e-01 5.298639e-02 -3.140165e-02 -4.538911e-01 -2.709580e-01 1.000000e+00 -1.386950e+00
MR -8.497851e-01 -1.373583e-01 -1.536923e-01 -1.040507e+00 -1.117870e-01 1.096322e-01 0.000000e+00 6.645161e-01
MN -3.418782e-01 2.544554e-01 -9.111045e-02 -9.006297e-01 -4.787854e-01 -9.064537e-02 0.000000e+00 7.990406e-01
MD -5.235468e-01 1.425602e-01 -5.230202e-02 -1.084395e+00 -4.803141e-03 2.647847e-01 0.000000e+00 8.361841e-01
MC 7.395017e-01 1.079289e+00 3.474620e-01 2.865957e-01 1.871670e-01 -3.035319e-02 1.000000e+00 -1.470650e+00
MQ 1.600485e+00 9.373210e-01 3.725274e-01 -2.201019e-01 -5.700084e-01 -6.422851e-01 1.000000e+00 -1.000209e+00
ME 7.865603e-01 4.874100e-01 2.057686e-01 1.689306e-01 2.407771e-01 -2.380282e-01 1.000000e+00 -1.771048e+00
MG 1.498283e-01 5.035011e-01 -3.046095e-02 4.121734e-02 4.823901e-03 1.528857e-01 0.000000e+00 5.738598e-01
MH -2.032931e+00 -6.602955e-01 -2.681075e-01 -5.901660e-01 3.775892e-01 7.625351e-01 0.000000e+00 2.569366e-01
MI 2.846492e-01 4.449912e-01 2.704005e-01 1.345375e-01 3.528670e-01 -1.037516e-01 1.000000e+00 -1.723778e+00
ML -2.223505e-01 5.558302e-02 -2.201038e-01 -1.552759e+00 -6.286624e-01 -7.004456e-02 0.000000e+00 1.158753e+00
MK -1.102437e+00 -2.940732e-01 -3.571696e-01 -9.522992e-01 -2.103202e-01 3.262491e-01 0.000000e+00 5.951995e-01
MM 1.603801e-01 4.077159e-01 8.078400e-01 3.078928e-01 8.493324e-01 6.825118e-02 1.000000e+00 -1.681126e+00
MF 6.496998e-01 5.321572e-01 2.063075e-02 3.583404e-02 -1.827548e-01 -1.477615e-01 1.000000e+00 -1.557108e+00
MP 3.595579e-01 4.174786e-01 7.545816e-02 -1.520176e+00 -2.410015e-01 1.022201e-01 0.000000e+00 1.140144e+00
MS 4.309376e-01 8.722996e-01 2.083996e-01 3.097256e-01 -6.885070e-02 1.575497e-02 1.000000e+00 -1.477812e+00
MT 3.655956e-01 4.900231e-01 -5.710600e-02 1.135086e-01 -1.019575e-02 -6.279376e-02 1.000000e+00 -1.537345e+00
MW -8.077773e-01 -2.427765e-01 -6.597661e-01 -1.652570e+00 -4.945199e-01 1.160674e-01 0.000000e+00 9.401494e-01
MY 5.975106e-02 1.057115e-01 -5.604971e-02 2.492572e-01 2.729074e-01 5.718158e-03 1.000000e+00 -2.082986e+00
MV 9.883980e-02 3.642153e-01 2.284438e-03 2.534418e-01 1.006002e-01 1.774633e-02 1.000000e+00 -1.680095e+00
FA -5.157846e-01 -1.721267e-02 -1.224905e-01 -1.263454e+00 -2.987391e-01 -1.732381e-02 0.000000e+00 8.329651e-01
FR 9.645463e-01 4.806173e-01 -2.238492e-01 -1.717116e-01 -5.296294e-01 -2.972136e-01 1.000000e+00 -1.335375e+00
FN 9.914868e-01 8.845290e-01 1.533893e-01 2.160896e-01 -4.177977e-01 -2.213703e-01 1.000000e+00 -1.322959e+00
FD 6.506721e-01 6.348125e-01 -1.375432e-02 -1.247349e-02 -3.663023e-01 -2.261475e-01 1.000000e+00 -1.409170e+00
FC 9.499122e-01 6.204921e-01 7.146785e-02 -1.895608e-01 -9.117893e-01 -3.637346e-01 1.000000e+00 -1.161167e+00
FQ -6.371539e-01 -1.233092e-01 -2.181212e-01 -1.145210e+00 -4.325877e-01 -9.013862e-03 0.000000e+00 8.673118e-01
FE -1.614240e-01 1.189572e-01 -2.345620e-01 -1.661158e+00 -6.827989e-01 -2.255266e-01 0.000000e+00 1.223997e+00
FG 2.536898e-01 6.510870e-01 9.716822e-02 3.104968e-02 8.145942e-02 3.390029e-02 0.000000e+00 8.157522e-01
FH 1.679286e-02 3.757250e-01 -2.938919e-02 -1.506647e+00 -6.643585e-01 -5.235475e-01 0.000000e+00 1.238651e+00
FI 6.953397e-01 6.449710e-01 1.076677e-02 -1.242109e-01 -2.483838e-01 -3.615814e-01 1.000000e+00 -1.387914e+00
FL -6.560630e-01 -1.827195e-01 -1.699158e-01 -1.446484e+00 -2.602564e-01 -1.204621e-02 0.000000e+00 9.709640e-01
FK -2.767829e-01 -4.132259e-02 -1.897097e-01 -1.566916e+00 -6.940553e-01 -1.541960e-01 0.000000e+00 1.168981e+00
FM -3.912832e-01 -5.500838e-02 -1.738427e-01 -1.385052e+00 -1.840314e-01 -1.322586e-01 0.000000e+00 1.019841e+00
FF -4.106637e-01 2.368520e-02 -2.820594e-01 -1.644975e+00 -4.609525e-01 -2.083406e-01 0.000000e+00 1.091456e+00
FP 3.152979e-01 2.733151e-01 1.028220e-01 -1.254455e+00 -1.940558e-01 8.832932e-02 0.000000e+00 1.278678e+00
FS 6.898882e-01 8.888825e-01 1.510554e-01 1.456853e-01 -1.783593e-01 -2.378158e-01 1.000000e+00 -1.360277e+00
FT -6.050924e-01 -9.038153e-02 -1.886426e-01 -1.462349e+00 -4.873269e-01 -1.107603e-01 0.000000e+00 1.146010e+00
FW -3.262462e-01 -1.922101e-01 3.390740e-01 9.169102e-01 -4.181348e-01 8.007787e-02 1.000000e+00 -1.729210e+00
FY -8.816551e-01 8.272328e-02 -8.876245e-03 -1.146065e+00 -1.772248e-01 -9.703722e-02 0.000000e+00 8.426074e-01
FV -3.624680e-01 2.597160e-02 -1.791838e-01 -1.660723e+00 -5.843818e-01 -3.170355e-01 0.000000e+00 1.205747e+00
PA 3.679462e-01 5.942064e-01 2.348519e-01 2.831866e-01 1.077083e-01 3.906045e-02 1.000000e+00 -1.606373e+00
PR 2.476418e-01 6.462657e-01 3.741828e-01 3.900316e-01 -3.443472e-02 3.880619e-02 1.000000e+00 -1.503675e+00
PN 5.274025e-02 4.323274e-01 3.268081e-02 -1.560429e+00 -6.641041e-01 -2.325674e-01 0.000000e+00 1.462813e+00
PD 5.914257e-01 8.433632e-01 2.217435e-01 3.225085e-02 -1.362764e-01 -1.659063e-01 1.000000e+00 -1.351656e+00
PC 4.039672e-01 6.761224e-01 2.111602e-01 2.832937e-01 -1.909300e-01 9.193869e-02 1.000000e+00 -1.362120e+00
PQ 3.206704e-01 6.335466e-01 2.774690e-01 3.659327e-01 -2.442657e-02 6.025528e-02 1.000000e+00 -1.451373e+00
PE 2.506149e-01 6.551179e-01 3.398898e-01 2.959786e-01 -3.037391e-02 7.579329e-02 1.000000e+00 -1.489445e+00
PG -2.409485e-02 3.192098e-01 5.032927e-01 9.990971e-02 -3.143872e-02 2.501092e-01 0.000000e+00 1.119534e+00
PH 1.293584e-01 3.938621e-01 -1.905262e-02 -1.587026e+00 -8.804453e-01 -2.389128e-01 0.000000e+00 1.601773e+00
PI 7.220767e-02 3.583983e-01 1.062488e-01 2.826793e-01 -4.976253e-03 -3.798396e-02 1.000000e+00 -1.675491e+00
PL 4.084548e-01 6.437216e-01 2.735234e-01 2.303883e-01 6.778746e-02 3.456633e-02 1.000000e+00 -1.571019e+00
PK 5.852581e-01 8.247556e-01 2.187527e-01 1.031613e-01 -2.122366e-01 -1.402059e-01 1.000000e+00 -1.326060e+00
PM -4.758053e-01 2.340233e-01 7.277500e-02 -1.408183e+00 -4.509615e-01 -7.704600e-02 0.000000e+00 1.198718e+00
PF 5.964820e-01 7.841436e-01 3.502326e-01 3.106891e-01 -2.824203e-01 4.755763e-02 1.000000e+00 -1.329534e+00
PP 4.279029e-01 2.566900e-01 4.187423e-01 -7.131774e-01 -5.737764e-01 -4.817789e-02 0.000000e+00 1.954661e+00
PS 3.388840e-01 7.209747e-01 1.688038e-01 2.227078e-01 -2.957954e-02 1.110625e-01 1.000000e+00 -1.466135e+00
PT 1.482766e-01 5.271519e-01 1.298838e-01 2.419712e-01 2.405214e-02 8.697403e-02 1.000000e+00 -1.525805e+00
PW -4.984470e-01 7.650083e-02 5.617629e-02 -1.338915e+00 -3.434967e-01 1.181571e-01 0.000000e+00 1.135048e+00
PY 7.127021e-01 7.633805e-01 1.931176e-01 1.307961e-01 -1.626884e-01 -3.461993e-02 1.000000e+00 -1.358155e+00
PV -8.224622e-01 -2.088708e-01 -1.687211e-01 -1.325613e+00 -2.887868e-01 -2.172559e-02 0.000000e+00 9.593958e-01
SA -6.641183e-01 -2.506196e-01 -2.929735e-01 -1.554087e+00 -4.019805e-01 -1.860168e-01 0.000000e+00 9.015268e-01
SR 6.746370e-01 6.105948e-01 2.857130e-02 4.870261e-02 -2.238667e-01 -6.365736e-02 1.000000e+00 -1.451275e+00
SN -4.777414e-01 5.280496e-02 -3.122344e-01 -1.342621e+00 -6.584084e-01 1.928045e-02 0.000000e+00 1.016251e+00
SD 4.546320e-01 5.576220e-01 1.442875e-01 1.056201e-01 8.686267e-02 7.710544e-05 1.000000e+00 -1.649804e+00
SC -5.076066e-01 -1.404602e-02 -2.717251e-01 -1.351966e+00 -4.938032e-01 -3.621407e-02 0.000000e+00 9.960663e-01
SQ -6.240504e-01 -1.642588e-01 -4.661846e-01 -1.472136e+00 -4.657727e-01 -1.224288e-01 0.000000e+00 9.152306e-01
SE -4.234849e-01 -3.364198e-02 -1.879582e-01 -1.570381e+00 -3.937299e-01 -5.987857e-02 0.000000e+00 1.077925e+00
SG 2.169005e-01 4.868493e-01 -1.608827e-02 1.229912e-01 -1.513625e-01 2.694693e-01 0.000000e+00 7.984528e-01
SH 7.105153e-01 7.674117e-01 9.241230e-02 1.589302e-01 -3.382125e-01 -1.129173e-01 1.000000e+00 -1.400413e+00
SI 3.296868e-01 3.580194e-01 -2.685556e-02 -2.403826e-02 4.026083e-02 -7.440270e-02 1.000000e+00 -1.598538e+00
SL 2.846418e-02 2.546379e-01 -7.619946e-03 2.421486e-01 2.960572e-01 1.132238e-01 1.000000e+00 -1.882695e+00
SK 3.898859e-01 5.030659e-01 9.250006e-02 2.403039e-01 -1.628452e-02 3.788899e-02 1.000000e+00 -1.622011e+00
SM 1.373468e-01 2.575421e-01 2.219570e-01 4.222528e-01 4.607184e-01 1.606039e-01 1.000000e+00 -1.951271e+00
SF -4.752413e-01 4.221719e-02 -2.062242e-01 -1.319285e+00 -4.586911e-01 6.859784e-02 0.000000e+00 1.049210e+00
SP 7.661774e-01 6.818671e-01 3.693705e-01 2.811274e-01 1.337648e-01 1.159358e-01 1.000000e+00 -1.541957e+00
SS -1.045555e+00 -3.205855e-01 -2.658356e-01 -1.307223e+00 -8.204920e-02 1.397933e-01 0.000000e+00 7.612429e-01
ST -1.044023e-02 3.482213e-01 -2.137475e-02 1.623394e-01 2.379115e-01 9.586260e-02 1.000000e+00 -1.719633e+00
SW -8.599352e-01 -3.120444e-01 -4.213148e-01 -1.423624e+00 -2.115873e-01 1.839923e-01 0.000000e+00 7.737367e-01
SY -5.534740e-01 -1.354371e-01 -1.890534e-01 -1.496841e+00 -2.237443e-01 1.182304e-03 0.000000e+00 1.022058e+00
SV 2.911943e-01 3.817472e-01 -2.282654e-02 7.472069e-02 9.380719e-02 5.998513e-02 1.000000e+00 -1.646268e+00
TA -6.582169e-01 -2.479367e-01 -4.348669e-01 -1.486616e+00 -3.437856e-01 -4.015437e-02 0.000000e+00 8.720737e-01
TR 3.128657e-01 4.386475e-01 -8.224079e-02 1.238045e-01 -1.576975e-01 -4.533896e-02 1.000000e+00 -1.663401e+00
TN -5.579885e-02 1.049909e-01 -3.358074e-01 -1.520353e+00 -5.584692e-01 -4.794667e-02 0.000000e+00 1.077879e+00
TD 9.446425e-01 6.714537e-01 7.526058e-02 -1.365577e-01 -2.188111e-01 -2.690213e-01 1.000000e+00 -1.420294e+00
TC 4.390840e-02 4.853718e-01 2.864391e-02 4.105909e-01 -3.747372e-02 1.751473e-01 1.000000e+00 -1.886738e+00
TQ 7.117555e-01 5.946146e-01 3.486060e-02 1.476052e-01 -1.550989e-01 1.785700e-02 1.000000e+00 -1.542977e+00
TE 3.240310e-01 3.425252e-01 1.969842e-02 2.675263e-01 1.811330e-02 1.586419e-01 1.000000e+00 -1.814788e+00
TG 1.307987e-01 4.203544e-01 -1.669242e-01 8.528893e-02 -2.590980e-01 3.436030e-01 0.000000e+00 8.316487e-01
TH -9.511103e-01 -1.577234e-01 -3.337720e-01 -1.169603e+00 2.329404e-01 4.270123e-01 0.000000e+00 7.063692e-01
TI 5.568730e-02 3.682435e-01 4.204171e-02 1.896539e-01 1.762611e-01 8.884415e-02 1.000000e+00 -1.817635e+00
TL -4.892115e-01 -2.412817e-01 -2.884389e-01 -1.456727e+00 -3.710626e-01 -4.778105e-02 0.000000e+00 8.881890e-01
TK 5.483629e-01 6.414927e-01 -5.353615e-02 1.002191e-01 -4.118507e-01 4.177996e-02 1.000000e+00 -1.465058e+00
TM -4.617038e-01 1.085809e-01 -2.462437e-01 -1.403989e+00 -4.389172e-01 3.642596e-01 0.000000e+00 1.029066e+00
TF -9.584739e-03 3.099461e-01 -2.294507e-01 2.494417e-01 1.358538e-01 1.565410e-01 1.000000e+00 -1.914790e+00
TP 2.214707e-01 2.756546e-01 -3.888110e-02 -1.457195e+00 -1.897030e-01 9.850047e-02 0.000000e+00 1.135625e+00
TS 3.306093e-01 4.887180e-01 -3.459577e-04 7.229217e-02 2.960595e-02 1.314333e-02 1.000000e+00 -1.580856e+00
TT 1.747305e-01 2.517627e-01 -1.212464e-01 7.395694e-02 1.524190e-01 4.717194e-02 1.000000e+00 -1.640102e+00
TW 6.920023e-01 6.218372e-01 5.253355e-02 -1.674840e-01 -2.870675e-01 -2.638794e-01 1.000000e+00 -1.360628e+00
TY 1.443525e-01 3.624155e-01 -1.426464e-03 1.793970e-01 4.944634e-02 -5.807503e-02 1.000000e+00 -1.785599e+00
TV -7.258710e-02 3.057347e-01 -2.777516e-02 2.649330e-01 2.574403e-01 2.532147e-01 1.000000e+00 -1.817136e+00
WA 5.545138e-01 5.846270e-01 1.934396e-01 3.272773e-01 1.043642e-01 5.526630e-02 1.000000e+00 -1.737833e+00
WR 4.375680e-01 5.714335e-01 -1.773646e-01 4.998842e-02 -3.796070e-01 5.290687e-03 1.000000e+00 -1.526030e+00
WN -8.993804e-01 7.793637e-01 3.283971e-01 3.117038e-01 -2.998538e-02 -1.650872e-01 0.000000e+00 7.936449e-02
WD 5.226454e-01 8.208288e-01 2.586307e-01 1.902847e-01 8.964058e-02 -1.523730e-02 1.000000e+00 -1.582440e+00
WC -2.266142e+00 -2.808031e-01 8.518798e-02 1.699492e-02 1.472692e+00 9.504106e-01 0.000000e+00 1.276968e-01
WQ -1.889398e+00 -5.848113e-01 -4.497910e-01 -1.012301e+00 1.856682e-01 5.025252e-01 0.000000e+00 4.031814e-01
WE -2.345398e-01 -6.428145e-02 -2.195107e-01 -1.777679e+00 -7.032514e-01 -2.149961e-01 0.000000e+00 1.300638e+00
WG -1.595230e-01 7.974465e-01 1.190063e-01 1.356916e-01 -4.790013e-02 8.576819e-02 0.000000e+00 8.796051e-01
WH -1.007290e+00 -2.662593e-01 -5.225599e-02 -1.233898e+00 -2.782326e-01 -6.023159e-01 0.000000e+00 5.197809e-01
WI 1.347731e-01 5.523728e-01 4.312713e-02 1.974343e-01 1.204058e-01 6.443706e-02 1.000000e+00 -1.580398e+00
WL -3.452354e-01 2.466454e-01 -2.836449e-02 -1.390822e+00 -2.520002e-01 -3.923387e-01 0.000000e+00 9.222479e-01
WK 1.627551e+00 7.709212e-01 -5.375014e-02 -5.791164e-01 -1.065312e+00 -7.941479e-01 1.000000e+00 -9.595453e-01
WM -1.393920e-01 -7.400060e-01 2.340242e-01 -1.368793e+00 3.550169e-01 6.582230e-01 1.000000e+00 -7.617380e-01
WF -1.316400e+00 -3.148615e-01 -3.509003e-01 -1.263220e+00 -1.164101e-01 3.803636e-01 0.000000e+00 7.485650e-01
WP 8.590170e-01 7.508274e-01 2.580962e-01 4.245000e-01 4.910979e-01 3.827184e-01 1.000000e+00 -1.677459e+00
WS 6.185257e-01 9.167009e-01 4.573547e-01 2.176716e-01 -3.271189e-02 3.008213e-02 1.000000e+00 -1.350386e+00
WT 2.279383e-01 5.484147e-01 1.418966e-02 7.862590e-02 -1.182825e-01 -3.996267e-02 1.000000e+00 -1.516228e+00
WW -2.939978e+00 5.241977e+00 1.096755e+00 8.025730e+00 2.353018e+00 -1.898621e+00 0.000000e+00 -4.711175e+00
WY 5.283070e-01 8.249098e-01 -1.932426e-01 -3.075630e-01 -1.551421e-01 -5.009986e-01 1.000000e+00 -1.342051e+00
WV 3.864855e-02 -5.182280e-02 -3.569547e-01 -2.470334e+00 -1.025525e+00 8.072844e-02 0.000000e+00 1.792636e+00
YA -7.174009e-01 -5.654029e-02 -1.070015e-01 -1.201803e+00 -1.667936e-01 6.020496e-02 0.000000e+00 8.482216e-01
YR -4.500033e-01 -1.187409e-01 -1.995619e-01 -1.390606e+00 -4.409101e-01 -1.558402e-01 0.000000e+00 1.009772e+00
YN -3.152418e-01 1.504572e-01 -2.873706e-01 -1.233242e+00 -6.772396e-01 -3.076667e-01 0.000000e+00 9.309781e-01
YD -6.880795e-01 8.074419e-02 -1.660319e-01 -1.191761e+00 -3.037272e-01 8.368080e-02 0.000000e+00 9.650647e-01
YC 1.338313e-01 3.778902e-01 1.345630e-01 4.428133e-01 -1.545165e-01 5.364083e-02 1.000000e+00 -1.692560e+00
YQ -3.512261e-01 1.595133e-02 -4.557628e-01 -1.491645e+00 -6.852504e-01 5.759924e-02 0.000000e+00 1.156358e+00
YE 5.509288e-01 6.751984e-01 -1.908092e-01 -1.089968e-02 -4.278962e-01 -2.397754e-01 1.000000e+00 -1.471429e+00
YG 1.333149e-01 5.689892e-01 7.809549e-02 1.617388e-01 -1.389055e-01 3.849616e-02 0.000000e+00 8.848281e-01
YH 5.929154e-01 9.894756e-01 2.188590e-01 4.082506e-01 4.592954e-02 -2.408299e-01 1.000000e+00 -1.532407e+00
YI -2.548449e-01 -6.449676e-02 -1.506465e-01 -1.623103e+00 -6.098332e-01 -1.855331e-01 0.000000e+00 1.204966e+00
YL -3.717647e-01 -1.220736e-01 -2.147175e-01 -1.484661e+00 -4.640631e-01 -2.192346e-01 0.000000e+00 9.993500e-01
YK -4.985038e-01 -2.223965e-02 -4.611566e-01 -1.429552e+00 -2.228077e-01 7.557764e-02 0.000000e+00 8.832218e-01
YM -4.831522e-01 -1.313215e-02 -3.311103e-01 -1.056543e+00 -1.714531e-01 -1.242457e-01 0.000000e+00 8.629678e-01
YF -5.872372e-01 2.929398e-02 -1.446490e-01 -1.149176e+00 -3.108218e-01 1.207225e-01 0.000000e+00 7.662614e-01
YP 3.849081e-01 1.221938e-01 -5.644288e-03 -1.000271e+00 -6.281685e-02 6.819768e-02 0.000000e+00 1.393047e+00
YS -5.597492e-01 -1.194389e-01 -3.682090e-01 -1.502493e+00 -4.533552e-01 -5.707347e-02 0.000000e+00 1.064303e+00
YT -1.149708e+00 -1.827882e-01 -1.089730e-01 -1.048879e+00 1.140345e-02 1.773517e-01 0.000000e+00 7.547884e-01
YW -4.244390e-01 3.088643e-01 3.388348e-01 -9.437834e-01 -4.446365e-01 -3.430634e-01 0.000000e+00 1.032313e+00
YY -7.710784e-01 -1.281631e-01 -1.659163e-01 -1.236531e+00 -2.085409e-01 -8.929349e-02 0.000000e+00 8.157548e-01
YV -4.797480e-01 -7.381788e-02 -1.403969e-01 -1.489380e+00 -4.884856e-01 -7.039017e-02 0.000000e+00 1.176114e+00
VA 5.894238e-01 7.375931e-01 1.989460e-01 2.132024e-01 1.491998e-02 -5.874023e-02 1.000000e+00 -1.546609e+00
VR -1.041872e+00 -4.859362e-02 -8.427187e-02 -9.006897e-01 7.479459e-02 2.355012e-01 0.000000e+00 6.444187e-01
VN -6.865128e-01 1.192466e-01 -9.399426e-02 -1.120201e+00 -2.735820e-01 1.396539e-01 0.000000e+00 9.368464e-01
VD 4.134368e-01 6.743016e-01 2.513376e-01 2.760559e-01 -9.214402e-02 1.004438e-01 1.000000e+00 -1.529070e+00
VC 3.440706e-01 6.120680e-01 1.179501e-01 2.466247e-01 -5.058463e-01 -1.384264e-01 1.000000e+00 -1.454232e+00
VQ -7.340338e-01 -1.714223e-01 -2.521033e-01 -1.333383e+00 -5.403454e-01 -4.182879e-02 0.000000e+00 9.549963e-01
VE -5.635989e-01 -2.227768e-02 -1.605104e-01 -1.383261e+00 -5.267030e-01 -8.399112e-02 0.000000e+00 1.006502e+00
VG 8.708054e-02 5.404207e-01 5.553418e-02 5.364449e-02 -1.120223e-01 2.805343e-01 0.000000e+00 8.780834e-01
VH 2.994380e-02 2.565350e-01 -7.115603e-02 2.110028e-01 -2.080984e-01 -5.064783e-02 1.000000e+00 -1.727565e+00
VI 1.839673e-01 4.736648e-01 1.834330e-01 1.543799e-01 -1.801626e-01 5.712654e-02 1.000000e+00 -1.608064e+00
VL 3.209827e-01 5.183621e-01 -5.928206e-03 7.594175e-02 -1.085707e-01 -7.389881e-02 1.000000e+00 -1.658251e+00
VK -9.797861e-01 -4.362325e-01 -3.526056e-01 -1.260881e+00 -5.112894e-01 -1.897100e-02 0.000000e+00 8.658120e-01
VM -7.316956e-01 -2.027046e-01 -3.205539e-01 -1.252926e+00 -4.717992e-01 1.089610e-01 0.000000e+00 9.174159e-01
VF -2.005612e-01 1.434840e-01 -3.685223e-02 3.158118e-01 -8.052072e-02 -8.712304e-02 1.000000e+00 -1.849022e+00
VP 2.730626e-01 3.067893e-01 1.365306e-01 -1.344130e+00 -5.373371e-01 -1.172718e-01 0.000000e+00 1.317730e+00
VS 5.055700e-01 6.936738e-01 1.345527e-01 2.240748e-01 -1.830556e-01 5.595275e-03 1.000000e+00 -1.405386e+00
VT -9.999765e-01 -2.717133e-01 -2.601125e-01 -1.339894e+00 -2.840731e-01 1.171707e-01 0.000000e+00 8.590134e-01
VW -8.883894e-01 -4.255432e-01 -4.288594e-01 -1.387455e+00 -2.251424e-01 -1.145845e-01 0.000000e+00 8.421544e-01
VY 2.252295e-01 5.477821e-01 1.742617e-01 2.876720e-01 -7.497009e-02 -4.386642e-02 1.000000e+00 -1.603118e+00
VV -8.825647e-01 -1.330777e-01 -2.167651e-01 -1.243989e+00 -2.923212e-01 8.835007e-02 0.000000e+00 8.244165e-01
end