AA 6.861310e-01 1.100529e+00 1.966261e-01 -6.327937e-01 -1.612688e+00 -5.494209e-01 
AR 1.149843e+00 2.901180e-01 1.418782e-01 -9.415487e-01 -1.958133e+00 -5.059385e-01 
AN -5.397314e-01 2.501259e-01 3.566853e-01 -5.692793e-01 -2.159503e+00 -4.304949e-01 
AD 2.372600e-01 4.636593e-01 -1.382636e-01 -8.073856e-01 -2.217607e+00 -1.546050e-01 
AC 1.434033e-01 5.566285e-01 -3.208061e-01 -1.128447e+00 -1.145851e+00 -7.708529e-01 
AQ 6.624530e-01 5.825358e-01 6.900193e-01 -9.123692e-01 -2.013633e+00 3.133490e-01 
AE -6.752315e-03 8.788621e-01 2.699111e-01 -1.994005e-01 -1.458602e+00 -1.673673e-01 
AG -9.094146e-01 4.155498e-01 -4.708492e-01 6.426873e-01 -1.763782e+00 -3.968535e-01 
AH 6.310983e-01 8.403117e-01 1.189337e-01 -1.216545e+00 -2.146378e+00 -7.300492e-01 
AI 2.206072e+00 9.248153e-01 -4.580484e-01 -1.723764e+00 -2.182574e+00 -1.006362e+00 
AL 8.717373e-01 7.068274e-01 2.703044e-01 -1.437779e+00 -1.988636e+00 -3.802354e-02 
AK 7.289764e-01 6.416765e-01 6.839068e-01 -1.307342e-01 -1.748089e+00 1.520211e-01 
AM 6.106293e-01 9.166836e-01 6.694830e-02 -1.101782e+00 -1.456171e+00 2.424020e-02 
AF -2.004340e-02 6.124898e-02 3.948754e-01 -6.726924e-01 -1.552469e+00 -4.867806e-01 
AP 9.187925e-01 6.997235e-01 9.760408e-01 2.690332e+00 -2.420655e+00 -1.286135e+00 
AS 6.174754e-01 7.614247e-01 6.421555e-02 -7.664232e-01 -1.780377e+00 6.097799e-02 
AT 8.594544e-01 -2.556759e-01 -2.793945e-01 -1.058356e+00 -2.113538e+00 -2.297481e-01 
AW 1.023485e+00 4.962122e-01 1.491898e-02 -1.357447e+00 -2.091968e+00 -4.097419e-01 
AY 1.775879e-01 -2.232137e-02 3.908616e-01 -3.755208e-01 -2.193689e+00 -4.523459e-01 
AV 1.536629e+00 1.270481e-01 -6.081609e-01 -1.327518e+00 -2.621468e+00 -5.009202e-01 
RA 8.578318e-01 8.095149e-01 4.246597e-02 -4.133245e-01 -1.074024e+00 -3.573744e-01 
RR 9.137692e-01 4.163018e-01 9.320016e-02 -7.972574e-01 -1.244065e+00 -4.279116e-01 
RN -7.023236e-01 3.513505e-01 -3.211996e-01 -7.453647e-01 -1.943697e+00 3.138868e-01 
RD -1.422824e-01 6.749748e-01 -8.404843e-02 -7.413552e-01 -1.763500e+00 -6.562453e-01 
RC 1.517704e+00 5.982375e-01 -5.000643e-01 -8.422289e-01 -2.287203e+00 -1.330188e+00 
RQ 1.209199e+00 6.352863e-01 -3.644398e-01 -1.145430e+00 -2.326101e+00 -9.511509e-01 
RE 7.694952e-01 1.086494e+00 -9.277031e-02 -7.020590e-01 -1.833161e+00 -5.760468e-01 
RG -6.851033e-01 3.057250e-01 -3.189932e-01 9.048476e-01 -1.250281e+00 -2.672682e-01 
RH -6.732744e-02 3.212292e-01 -1.897091e-01 -5.833848e-01 -2.067969e+00 -3.595868e-01 
RI 2.501309e+00 7.377134e-01 2.024852e-02 -7.387172e-01 -1.357262e+00 -4.153843e-01 
RL 1.022474e+00 8.133953e-01 1.013718e-01 -9.458735e-01 -1.608802e+00 -5.348080e-01 
RK 6.136449e-01 2.121130e-01 -3.133925e-01 -2.622289e-01 -1.335693e+00 -2.366371e-01 
RM 2.080844e+00 1.544463e+00 5.151424e-01 -1.395486e+00 -2.195677e+00 -1.621333e+00 
RF 6.290692e-01 3.258587e-01 2.571011e-01 -1.108862e+00 -2.278041e+00 -5.594866e-01 
RP 1.622761e+00 6.774984e-01 9.469405e-01 2.683096e+00 -2.450319e+00 -7.839549e-01 
RS 2.123181e-01 7.413470e-01 -2.930127e-01 -8.256732e-01 -1.362573e+00 -5.056133e-01 
RT 9.560403e-01 2.933941e-01 1.261753e-01 -1.102965e+00 -1.603067e+00 -3.837083e-01 
RW 9.750234e-01 -4.172332e-01 -2.498164e-01 -6.816940e-01 -1.394575e+00 -8.650099e-01 
RY -1.679505e-01 2.557869e-01 -4.692611e-02 -8.458952e-01 -2.061875e+00 -5.447155e-01 
RV 1.779613e+00 2.914028e-01 -4.852536e-01 -1.110610e+00 -1.745776e+00 -1.693876e-01 
NA 1.378627e+00 1.136375e+00 -6.978504e-02 -8.390110e-01 -2.094406e-01 -7.105665e-02 
NR 1.309279e+00 6.678026e-01 3.317170e-01 -9.694785e-01 -7.832991e-01 -1.784810e-01 
NN 2.536162e-02 6.112596e-01 -1.891446e-01 -5.107404e-01 -9.493595e-01 -3.372601e-01 
ND 2.458605e-01 1.181378e+00 1.543022e-01 -6.240702e-01 -6.296704e-01 -2.469724e-01 
NC 1.812395e+00 2.241855e-01 -7.688645e-01 -1.600434e+00 -4.027858e-01 -3.447715e-01 
NQ 7.153362e-01 4.521583e-01 3.102003e-01 -7.381014e-01 -5.082875e-01 -4.740753e-01 
NE 8.462147e-01 8.974315e-01 -5.616463e-02 -8.976029e-01 -7.569029e-01 -2.618468e-01 
NG -8.489940e-01 1.012035e+00 -4.948744e-01 1.313452e+00 -8.537997e-02 -4.553534e-01 
NH 7.440384e-01 1.018714e+00 1.064513e-01 -6.231854e-01 -4.942017e-01 -3.281395e-01 
NI 2.629458e+00 6.240502e-01 5.977588e-01 -1.550843e+00 -5.230889e-01 -7.362418e-02 
NL 2.625359e+00 6.451878e-01 3.603116e-01 -1.645968e+00 -8.573728e-01 -2.146775e-01 
NK 1.070792e+00 8.276950e-01 4.027626e-02 -8.971818e-01 -5.828014e-01 3.676814e-02 
NM 2.309918e+00 9.290888e-01 4.708026e-01 -1.651332e+00 -8.283289e-01 -7.838410e-01 
NF 1.917590e+00 2.903978e-01 2.824159e-01 -1.056015e+00 -9.098280e-01 -6.674036e-01 
NP 2.802477e+00 -8.221685e-01 4.356287e-01 1.500367e+00 -2.399509e+00 -1.139047e+00 
NS 1.061835e+00 1.111727e+00 -1.197661e-01 -8.396289e-01 -5.103642e-01 -3.022694e-01 
NT 1.732496e+00 3.654610e-01 3.296555e-02 -2.005993e+00 -7.602276e-01 -2.824514e-01 
NW 2.976551e+00 4.781727e-01 7.460586e-01 -1.051375e+00 -2.313980e-01 3.548687e-01 
NY 1.557610e+00 6.580439e-01 4.519507e-02 -1.174436e+00 -1.177129e+00 -1.023808e+00 
NV 2.463486e+00 5.321604e-01 -2.512562e-02 -1.882925e+00 -1.280486e+00 -4.628501e-01 
DA 1.442958e+00 7.539173e-01 1.507827e-01 -8.393618e-01 -8.738318e-01 -1.276997e-01 
DR 1.134221e+00 6.221937e-01 9.722168e-03 -1.224730e+00 -1.533353e+00 -5.614483e-01 
DN 1.358768e-01 4.540595e-01 1.885750e-02 -5.441315e-01 -1.131133e+00 -1.014601e+00 
DD -1.565065e-01 7.728062e-01 2.970351e-01 -5.992017e-01 -1.081965e+00 -1.433523e-01 
DC 1.755609e+00 5.975436e-01 -8.585189e-02 -1.572218e+00 -1.520047e+00 -1.040759e+00 
DQ 5.507041e-01 9.495982e-01 2.495394e-01 -8.700052e-01 -1.400391e+00 -4.335177e-02 
DE 7.267644e-01 1.051893e+00 5.488013e-01 -4.063486e-01 -1.114018e+00 -3.354852e-01 
DG -7.704401e-01 8.869934e-01 -2.748433e-01 1.527436e+00 -7.881305e-01 -4.871528e-01 
DH 5.902281e-01 3.091569e-01 2.803978e-01 -8.959460e-01 -1.318335e+00 -2.593576e-01 
DI 2.181163e+00 5.602999e-01 3.643584e-01 -1.304500e+00 -9.470680e-01 -3.225692e-01 
DL 2.201818e+00 1.583097e-01 5.514326e-01 -1.755674e+00 -1.101483e+00 -7.213930e-02 
DK 5.701177e-01 7.251715e-01 4.007742e-01 -5.212598e-01 -1.670947e+00 -1.524711e-01 
DM 1.837975e+00 6.020262e-02 -7.883750e-01 -1.412480e+00 -1.575827e+00 7.284268e-02 
DF 1.704143e+00 2.493915e-01 7.687069e-01 -1.212971e+00 -9.469220e-01 -6.056431e-01 
DP 2.322403e+00 -5.885180e-01 7.210762e-01 2.314725e+00 -2.569816e+00 -6.800278e-01 
DS 8.481396e-01 6.440093e-01 -1.292347e-01 -9.119713e-01 -9.844513e-01 -4.639802e-01 
DT 1.283962e+00 1.318613e-01 1.234230e-02 -1.343051e+00 -1.086194e+00 -4.699161e-01 
DW 2.548538e+00 9.734246e-01 9.498006e-01 -1.461648e+00 -1.465189e+00 -8.099824e-01 
DY 1.153498e+00 1.251260e-01 4.142001e-01 -1.308146e+00 -1.116309e+00 -4.807955e-01 
DV 2.298401e+00 1.533805e-01 9.244489e-02 -1.501685e+00 -1.186480e+00 -3.212089e-01 
CA 1.652132e+00 7.484961e-01 2.085943e-01 3.637679e-02 -1.545706e+00 -1.210055e-01 
CR 3.424168e+00 1.067036e+00 2.107359e-01 -1.160490e+00 -1.800194e+00 -1.196209e+00 
CN 1.325984e+00 1.649142e-01 2.979434e-02 -6.168626e-01 -1.348813e+00 -1.802068e-01 
CD 2.191989e+00 8.910888e-01 3.877844e-01 -2.284009e-01 -1.224332e+00 -2.019833e-01 
CC -6.325840e-01 -1.313225e-02 5.174341e-01 1.062724e+00 -2.339201e+00 -6.379298e-01 
CQ 2.617614e+00 1.341522e+00 9.286031e-01 -4.300405e-01 -2.117419e+00 -3.751086e-01 
CE 2.236780e+00 8.418418e-01 7.931874e-01 1.672421e-01 -8.362161e-01 1.161934e-02 
CG 9.056841e-02 -4.357720e-02 -3.276449e-01 1.309069e+00 -1.279891e+00 -1.087143e-01 
CH 1.463019e+00 2.593892e-01 2.188935e-01 -3.677454e-01 -1.012741e+00 5.045763e-01 
CI 2.824607e+00 7.821290e-01 2.474860e-01 -6.291250e-01 -3.101383e+00 -1.071316e+00 
CL 2.570439e+00 2.039516e+00 1.060841e+00 -7.391578e-01 -1.659964e+00 -1.457788e-01 
CK 3.381394e+00 1.208960e+00 5.445394e-01 -5.281309e-01 -2.239426e+00 -1.125675e+00 
CM 2.920433e+00 7.881876e-01 1.329642e+00 -5.077229e-01 -1.351432e+00 7.113987e-01 
CF 2.640455e+00 1.020238e+00 2.032561e-01 -1.050348e+00 -2.611004e+00 -7.367659e-01 
CP 2.751827e+00 -1.015088e-01 5.907094e-01 2.980808e+00 -2.393246e+00 -1.437697e+00 
CS 1.608708e+00 1.001636e+00 2.009614e-01 -1.518378e-01 -1.473385e+00 -1.223319e-01 
CT 3.104372e+00 6.478451e-01 6.789307e-01 -1.487189e-01 -9.221785e-01 -2.443465e-02 
CW 2.055360e+00 1.499918e+00 4.368596e-01 4.349744e-01 -3.025804e+00 -1.207153e+00 
CY 1.709410e+00 -3.990996e-01 5.875272e-01 4.825489e-01 3.524235e-02 -1.761398e-02 
CV 3.098215e+00 3.546628e-01 -5.684945e-01 -1.483795e+00 -1.701518e+00 -3.482231e-01 
QA 1.107908e+00 1.005919e+00 -1.572773e-01 -8.410876e-01 -1.205925e+00 -1.359883e-01 
QR 1.009573e+00 9.941538e-01 -1.059553e-01 -1.118199e+00 -1.785636e+00 7.282672e-02 
QN -4.034513e-01 1.113624e-02 -2.582273e-01 -7.098427e-01 -1.674521e+00 -3.811841e-01 
QD 2.299888e-01 9.764096e-01 -6.346883e-02 -7.656839e-01 -1.456502e+00 -4.850471e-01 
QC 8.288997e-01 3.128965e-01 -5.749466e-01 -1.089185e+00 -7.861733e-01 1.871823e-01 
QQ 5.974036e-01 1.009484e+00 1.218330e-02 -9.750111e-01 -1.505241e+00 -6.239257e-02 
QE 1.035437e+00 1.191781e+00 -1.455987e-01 -7.508573e-01 -2.118281e+00 -7.063355e-01 
QG -7.223178e-01 6.916435e-01 -5.106534e-01 6.638434e-01 -1.272272e+00 -2.036288e-01 
QH -5.265932e-01 5.314344e-01 1.950905e-02 -8.750697e-01 -2.371003e+00 -7.844918e-02 
QI 1.456040e+00 1.516400e-01 -4.651252e-01 -1.383194e+00 -1.570555e+00 -3.505212e-01 
QL 1.723134e+00 6.922682e-01 -2.319593e-01 -1.665409e+00 -1.870654e+00 -2.834995e-01 
QK 1.033350e+00 9.805578e-01 -2.573930e-01 -8.306678e-01 -1.984178e+00 -3.165980e-01 
QM 3.084158e+00 1.475659e+00 4.123612e-02 -1.795877e+00 -1.924427e+00 -1.809441e-01 
QF 1.333833e+00 2.907395e-01 1.582743e-01 -1.280020e+00 -2.268170e+00 -6.215667e-01 
QP 2.298383e+00 1.367269e+00 1.031469e+00 1.836480e+00 -2.669116e+00 -1.227679e+00 
QS 5.244797e-01 7.435477e-01 -2.715317e-01 -5.213577e-01 -1.321112e+00 -5.625357e-01 
QT 5.147608e-01 3.428899e-01 2.657097e-01 -2.780758e-01 -1.757070e+00 6.554996e-02 
QW 1.221140e+00 3.056947e-01 -1.600789e-02 -9.291897e-01 -1.200910e+00 1.968338e-01 
QY 8.883326e-01 2.220477e-02 -3.361748e-01 -1.566540e+00 -2.409962e+00 -9.133761e-01 
QV 1.704174e+00 1.111615e+00 -1.825244e-01 -1.495768e+00 -1.971423e+00 -1.970584e-01 
EA 6.300350e-01 1.062363e+00 1.859579e-01 -5.967296e-01 -1.678126e+00 -3.095756e-01 
ER 4.671132e-01 8.374626e-01 2.440488e-01 -7.130938e-01 -1.870911e+00 -6.549502e-01 
EN -1.008154e+00 1.326402e-01 -2.026452e-01 -9.463736e-01 -1.990223e+00 -4.244794e-01 
ED -4.787525e-01 7.530723e-01 -4.109446e-04 -8.987623e-01 -1.530642e+00 -3.301197e-01 
EC 3.841790e-01 -2.293597e-01 -2.057975e-01 -9.234978e-01 -1.784504e+00 6.427714e-02 
EQ 8.259118e-01 1.353420e+00 -4.604722e-01 -1.910736e+00 -2.862505e+00 -6.017914e-01 
EE -1.506759e-01 6.290426e-01 2.196110e-01 -2.971775e-01 -1.949085e+00 3.388551e-02 
EG -1.504267e+00 1.582756e-01 -5.848717e-01 7.980058e-01 -1.574050e+00 -5.917142e-01 
EH -5.503299e-01 5.788468e-01 4.692341e-01 -1.060464e+00 -1.923926e+00 -2.024899e-01 
EI 2.092156e+00 9.696647e-01 4.250771e-01 -1.341571e+00 -2.280967e+00 -1.051570e+00 
EL 2.368016e+00 1.103528e+00 -9.405440e-02 -2.255537e+00 -2.976982e+00 -7.372649e-01 
EK -7.436306e-02 4.649711e-01 2.634802e-01 -4.904105e-01 -1.865488e+00 -2.131358e-01 
EM 1.390544e+00 1.488197e-01 -2.168842e-03 -1.621802e+00 -2.664981e+00 -1.082629e+00 
EF 1.280927e+00 4.379820e-01 5.569359e-01 -9.136869e-01 -1.805187e+00 -3.118748e-01 
EP 1.308693e+00 4.162181e-01 9.915646e-01 2.354499e+00 -3.111105e+00 -1.431568e+00 
ES -1.032350e-01 6.577836e-01 -2.708754e-01 -7.170578e-01 -1.414520e+00 -3.492207e-01 
ET 1.030475e+00 2.308603e-01 -6.788231e-01 -1.392574e+00 -2.076500e+00 -7.972493e-01 
EW 1.167154e+00 9.900489e-01 1.358891e+00 -3.675032e-01 -1.491808e+00 -8.060492e-02 
EY 1.994323e-01 -6.158381e-01 -1.826468e-01 -9.915983e-01 -2.113111e+00 -9.623230e-01 
EV 1.734548e+00 6.872647e-01 2.427353e-01 -7.797200e-01 -1.880678e+00 -6.683527e-01 
GA 5.868197e-01 3.970532e-01 -1.575059e-01 -8.457179e-01 9.280722e-01 -6.583649e-01 
GR 4.675639e-01 8.376229e-01 -3.872407e-01 -1.148138e+00 8.592272e-01 -3.104204e-01 
GN -6.044031e-01 7.729084e-01 -4.749648e-01 -5.883847e-01 7.074864e-01 7.968843e-02 
GD -5.354220e-01 7.672161e-01 -7.641774e-01 -6.045259e-01 9.261954e-01 -3.843723e-01 
GC 9.520338e-01 4.500435e-01 -1.398276e-01 -4.898424e-01 1.133443e+00 9.705159e-02 
GQ 3.076219e-01 7.016682e-01 -7.527769e-01 -1.178607e+00 9.602979e-01 -2.089414e-01 
GE -4.725662e-02 7.943660e-01 -7.656684e-01 -7.692729e-01 8.963744e-01 -1.429748e-01 
GG -3.446321e-01 7.837967e-01 -2.180355e-01 -9.580994e-02 4.578267e-01 -3.376391e-01 
GH 2.413445e-01 9.246096e-01 -3.090624e-01 -8.811898e-01 7.081436e-01 9.184643e-02 
GI 1.375176e+00 3.010133e-01 -5.631036e-01 -8.888827e-01 1.264214e+00 -2.352519e-01 
GL 1.034242e+00 8.627741e-01 -1.758418e-01 -1.403044e+00 1.187837e+00 -2.435282e-01 
GK 2.716004e-01 1.097693e+00 -6.831261e-01 -1.194163e+00 6.942111e-01 -1.602360e-01 
GM 9.354943e-01 6.311359e-01 -3.969597e-01 -1.420380e+00 8.669018e-01 -5.462058e-01 
GF 7.320747e-01 5.129064e-01 1.862485e-01 -1.436434e+00 8.902281e-01 -1.681389e-01 
GP -1.288862e+00 2.718832e-01 2.710898e-01 2.190019e+00 1.375114e-01 1.835666e-01 
GS -2.459184e-01 6.387018e-01 -6.266669e-01 -5.766304e-01 8.251444e-01 -1.553395e-01 
GT 3.790579e-01 7.751165e-01 -1.211355e-01 -9.298199e-01 6.677973e-01 -7.300890e-02 
GW 3.194992e-01 4.949391e-01 -2.108335e-01 -1.263027e+00 9.556207e-01 -1.173828e-01 
GY 7.340381e-01 9.699434e-01 -9.119836e-02 -1.191189e+00 1.245618e+00 -6.581182e-01 
GV 1.328393e+00 7.758363e-01 -3.927677e-01 -1.088935e+00 1.295132e+00 -8.868177e-02 
HA 1.783359e+00 9.032863e-01 2.119853e-01 -8.560412e-01 -1.175470e+00 -1.527171e-01 
HR 1.542591e+00 3.421677e-01 5.929265e-02 -9.938301e-01 -1.369458e+00 -5.465941e-01 
HN 7.356274e-02 2.996690e-01 -8.029407e-01 -5.371953e-01 -1.584966e+00 -1.346162e-01 
HD 9.483175e-01 6.540060e-01 2.447894e-02 -2.988614e-01 -9.467112e-01 -3.228665e-01 
HC 2.071287e+00 9.344669e-02 -8.784045e-01 -1.957698e+00 -2.277544e+00 -7.081474e-01 
HQ 1.238184e+00 5.527149e-01 -2.300814e-01 -5.420326e-01 -7.970212e-01 -1.315493e-01 
HE 1.044325e+00 1.064792e+00 1.166354e-03 -4.566397e-01 -2.303653e+00 -1.272291e-01 
HG -4.024592e-01 4.999398e-01 -4.132139e-01 1.198103e+00 -9.680532e-01 -4.741821e-01 
HH 1.070166e+00 4.452655e-01 -2.413079e-01 -7.503583e-01 -1.244908e+00 -3.209016e-01 
HI 2.354306e+00 -4.320691e-01 -3.603872e-01 -1.343638e+00 -1.726315e+00 3.666431e-01 
HL 1.879556e+00 5.208748e-01 -4.881331e-01 -1.841537e+00 -1.947410e+00 -8.136405e-01 
HK 1.194552e+00 9.933294e-01 -2.035655e-01 -3.220868e-01 -1.369276e+00 -3.167085e-01 
HM 1.734561e+00 2.138678e-01 -7.524973e-01 -2.596273e+00 -2.342377e+00 -1.532534e-01 
HF 1.555182e+00 1.298665e+00 -3.602635e-01 -1.590542e+00 -2.509048e+00 -1.858454e-01 
HP 2.214435e+00 -6.548560e-02 2.137384e-01 2.319519e+00 -1.945200e+00 -9.017400e-01 
HS 9.174376e-01 6.534826e-01 -6.956514e-03 -8.144504e-01 -1.341869e+00 -3.480591e-01 
HT 1.489464e+00 3.450783e-01 4.018929e-01 -5.543590e-01 -1.138848e+00 1.760126e-01 
HW 7.556981e-01 5.059210e-01 -7.768541e-01 -1.237404e+00 -1.434289e+00 -1.275510e+00 
HY 1.924052e+00 5.507766e-03 1.163615e+00 -1.671242e+00 -1.607172e+00 2.459457e-01 
HV 3.434434e+00 1.302974e+00 -6.184116e-02 -1.351393e+00 -1.668994e+00 -1.028913e+00 
IA 1.392340e+00 6.893147e-01 1.884960e-02 9.503991e-02 -1.989120e+00 -3.990739e-01 
IR 2.073135e+00 -2.419994e-01 2.922582e-01 -5.636980e-01 -1.795758e+00 -7.028239e-02 
IN 1.107343e+00 -6.866361e-01 -2.539670e-01 -3.524926e-01 -1.602647e+00 -1.338727e-01 
ID 1.250118e+00 -2.153631e-01 -1.238802e-01 -3.173502e-02 -1.504160e+00 1.363796e-03 
IC 1.157125e+00 -1.402223e+00 -1.554110e+00 -1.507599e+00 -2.582490e+00 -2.809692e-01 
IQ 2.325803e+00 -2.428311e-01 -8.370203e-02 -4.724960e-01 -2.590997e+00 -6.443951e-01 
IE 1.711390e+00 3.837631e-01 2.165194e-01 -5.557798e-01 -2.160388e+00 4.901379e-02 
IG -3.393122e-01 -1.939245e-01 -7.050432e-01 2.995893e-01 -1.351456e+00 -2.229804e-01 
IH 2.103307e+00 1.339477e-02 -6.742443e-01 -1.341402e+00 -2.898795e+00 -7.475844e-01 
II 1.826354e+00 -5.898000e-01 -1.873929e-02 -9.722139e-01 -1.943845e+00 3.119560e-01 
IL 1.378821e+00 2.802046e-01 -9.176477e-02 -1.428963e+00 -2.429242e+00 2.010776e-02 
IK 1.975083e+00 -1.114005e-01 5.605541e-02 -7.007732e-02 -1.921136e+00 1.134156e-01 
IM 2.361284e+00 6.799366e-02 -9.278361e-02 -9.879631e-01 -2.272422e+00 -5.285784e-02 
IF 6.289714e-01 -9.244856e-02 3.209565e-01 -1.730273e+00 -3.553222e+00 2.320228e-01 
IP 2.200999e+00 6.075987e-01 2.319172e-01 2.885053e+00 -3.493903e+00 -1.069768e+00 
IS 1.565813e+00 4.161430e-01 -1.461800e-01 -1.101721e-01 -1.774869e+00 -1.134222e-01 
IT 2.064018e+00 -5.428309e-01 -1.840056e-01 -5.894515e-01 -1.905647e+00 5.294651e-02 
IW 1.271595e+00 -8.828282e-01 1.196974e+00 -3.177346e+00 -3.202664e+00 -6.787025e-01 
IY 7.360247e-01 2.139872e-01 -4.828305e-01 -1.207529e+00 -2.377915e+00 -4.590347e-01 
IV 1.945258e+00 -4.186287e-01 3.605474e-01 -5.434709e-01 -2.365509e+00 -5.405751e-01 
LA 1.075759e+00 1.104953e+00 -4.654222e-01 -1.008977e+00 -1.883083e+00 -2.428491e-01 
LR 2.021168e+00 6.319865e-02 -2.876673e-01 -1.358238e+00 -1.806369e+00 -2.045927e-01 
LN 1.037580e+00 6.756651e-01 -4.934892e-01 -3.857954e-01 -2.141315e+00 -8.076736e-02 
LD 1.440572e+00 9.814855e-01 -1.631412e-01 -4.362787e-01 -2.016935e+00 -9.687083e-02 
LC 1.474648e+00 3.286431e-01 -7.986686e-02 -1.174761e+00 -1.827969e+00 -8.440535e-01 
LQ 1.935658e+00 6.375517e-01 -7.339324e-02 -1.294997e+00 -2.060590e+00 5.892689e-02 
LE 1.672185e+00 8.637093e-01 3.710508e-01 -9.706272e-01 -2.086692e+00 -4.791051e-01 
LG -7.566198e-03 5.067169e-01 -5.083732e-01 1.225212e+00 -1.771671e+00 -5.949841e-01 
LH 9.661333e-01 4.411174e-01 -1.319658e-01 -6.244643e-01 -1.732788e+00 -3.208365e-01 
LI 9.641103e-01 4.074073e-01 -2.126722e-01 -1.424023e+00 -1.791146e+00 -1.161428e-01 
LL 1.355745e+00 4.603925e-01 -2.184409e-01 -1.785589e+00 -2.323443e+00 -1.550550e-01 
LK 2.164582e+00 6.196642e-01 -3.138423e-01 -8.970367e-01 -2.067620e+00 -1.432613e-02 
LM 8.435602e-01 7.070648e-01 -1.001111e+00 -1.649304e+00 -2.619277e+00 3.589500e-03 
LF -6.584692e-02 -7.049736e-01 -9.344001e-01 -1.869371e+00 -2.471549e+00 -5.015404e-01 
LP 1.923025e+00 1.436013e+00 1.331674e+00 2.573787e+00 -2.988355e+00 -1.227969e+00 
LS 1.635813e+00 6.738178e-01 -4.297028e-01 -8.890377e-01 -2.025629e+00 -2.517790e-01 
LT 1.936989e+00 1.088323e-01 -4.629562e-02 -9.351993e-01 -1.934455e+00 -1.800823e-02 
LW 1.431980e+00 5.842507e-01 -1.185110e+00 -1.641813e+00 -2.361392e+00 -4.560406e-01 
LY -6.793599e-02 -2.898392e-01 -6.615082e-01 -1.534081e+00 -2.209441e+00 -5.628251e-01 
LV 2.193671e+00 2.666706e-01 -3.323314e-01 -1.750071e+00 -2.899349e+00 -4.068648e-01 
KA 1.316231e+00 1.139729e+00 -5.401576e-01 -8.074653e-01 -1.690151e+00 -5.213207e-01 
KR 6.824621e-01 6.862983e-01 1.770832e-01 -6.700659e-01 -1.550756e+00 -8.729051e-01 
KN -6.208874e-01 2.302864e-01 -5.203211e-02 -5.733327e-01 -2.012861e+00 -4.142102e-01 
KD -8.899899e-01 7.442539e-01 -1.801314e-01 -7.184708e-01 -1.541537e+00 -2.982536e-01 
KC 1.783557e+00 1.081853e+00 -6.186891e-01 -1.354239e+00 -1.538361e+00 -1.424781e+00 
KQ 7.912122e-01 9.447129e-01 -1.182990e-01 -1.040346e+00 -1.462130e+00 -4.238580e-01 
KE 5.265280e-04 8.780752e-01 6.694570e-02 -6.018555e-01 -1.724862e+00 -5.161035e-01 
KG -1.135955e+00 3.104056e-01 -3.482571e-01 5.563401e-01 -1.232148e+00 -5.464673e-01 
KH 1.049563e-01 1.373399e-01 -2.612171e-01 -1.494756e+00 -2.258191e+00 -7.739883e-01 
KI 2.814624e+00 6.660590e-01 2.220088e-01 -1.482640e+00 -2.024483e+00 -8.041871e-01 
KL 1.522324e+00 1.162213e+00 2.893665e-01 -1.368898e+00 -1.426200e+00 -6.165902e-01 
KK 7.204794e-01 8.464447e-01 1.171341e-01 -5.132689e-01 -1.599725e+00 -5.821631e-01 
KM 1.070512e+00 6.750289e-01 -2.346219e-01 -1.215619e+00 -1.030081e+00 1.935073e-01 
KF 8.866617e-01 -3.185014e-02 4.846523e-01 -1.170162e+00 -2.344550e+00 -2.502202e-01 
KP 1.519464e+00 9.322094e-01 1.162574e+00 2.569970e+00 -2.299033e+00 -8.092049e-01 
KS 4.525551e-01 8.074776e-01 -3.202119e-01 -1.072844e+00 -1.446022e+00 -5.599345e-01 
KT 8.895187e-01 6.000638e-02 -1.994063e-01 -1.038379e+00 -2.096913e+00 -4.362314e-01 
KW 9.526222e-01 7.953360e-01 -4.834657e-01 -9.643344e-01 -1.381231e+00 1.868126e-01 
KY 1.230509e-01 -3.190590e-02 2.216116e-01 -1.052637e+00 -2.054222e+00 -5.256264e-01 
KV 1.763643e+00 2.665686e-01 3.673769e-01 -7.684762e-01 -1.158688e+00 -1.956050e-01 
MA 7.704401e-01 7.437443e-01 2.891992e-01 -4.955141e-01 -1.348961e+00 -3.466563e-01 
MR 2.392281e+00 6.354287e-01 8.704932e-02 -1.406190e+00 -1.338419e+00 3.093000e-02 
MN 6.445515e-01 8.788870e-01 -1.155433e-01 -6.722734e-01 -1.493748e+00 -3.386394e-01 
MD 1.154477e+00 1.187851e+00 3.008111e-01 2.346438e-01 -1.490501e+00 -4.193671e-01 
MC 6.713290e-01 -1.550310e-01 -6.687487e-01 -1.292867e-01 -4.762754e-01 -5.177016e-01 
MQ 1.894288e+00 1.983620e+00 5.242077e-02 -1.355550e+00 -2.690988e+00 -1.110032e+00 
ME 8.936079e-01 8.803333e-01 -3.025152e-02 -4.248362e-03 -2.241182e+00 -2.080362e-01 
MG -1.889040e-01 4.795288e-01 -7.515678e-01 1.249803e+00 -1.089835e+00 -5.090661e-01 
MH 2.121086e+00 1.985552e+00 1.179432e+00 -8.323741e-01 -1.430312e+00 -5.916962e-01 
MI 2.439945e+00 1.315327e+00 5.565284e-01 -1.688799e+00 -2.402399e+00 -8.125224e-01 
ML 7.325693e-01 1.266952e+00 -2.141798e-01 -1.173939e+00 -1.668327e+00 -3.595860e-01 
MK 1.394194e+00 1.177904e+00 1.603487e-01 -4.875697e-01 -1.804997e+00 -1.393784e-01 
MM 6.894791e-01 1.000960e+00 -5.429455e-01 -1.010851e+00 -2.855383e+00 -8.565244e-01 
MF 1.811580e-01 -6.445696e-01 -6.851695e-01 -1.005161e+00 -2.250796e+00 4.735506e-01 
MP 9.350529e-01 4.430636e-01 1.069906e+00 2.605127e+00 -2.817247e+00 -7.848898e-01 
MS 1.542441e+00 7.499880e-01 4.929522e-01 8.948293e-02 -1.210143e+00 3.142926e-01 
MT 2.594610e+00 6.561368e-01 -4.782550e-01 -9.998120e-01 -2.035074e+00 -1.129822e+00 
MW -3.338106e-01 -1.739557e+00 1.954920e-02 -9.949601e-02 -6.404192e-01 -1.218443e+00 
MY 5.900899e-01 2.889619e-01 -1.392678e-01 -1.750549e+00 -1.652265e+00 -1.447233e+00 
MV 3.263781e+00 1.108231e+00 -6.310083e-01 -1.824266e+00 -2.989182e+00 -3.719416e-01 
FA 1.743717e+00 1.237154e+00 -1.029158e-01 -1.029099e+00 -1.101046e+00 -4.755865e-01 
FR 2.312731e+00 4.051382e-01 -4.980992e-01 -1.442604e+00 -2.073542e+00 -7.050615e-01 
FN 1.145813e+00 -1.551974e-01 -1.330497e-01 -2.535426e-01 -1.179816e+00 -2.017430e-02 
FD 1.690040e+00 4.450473e-01 4.003046e-03 -3.054170e-01 -1.774708e+00 -1.775743e-01 
FC -8.033438e-02 5.031815e-01 2.470266e-01 -6.547103e-01 -1.940430e+00 7.928881e-01 
FQ 2.873062e+00 1.065288e+00 -2.730167e-01 -8.044242e-01 -1.816709e+00 -1.228015e-01 
FE 1.213814e+00 3.173141e-01 1.100738e-01 -5.521655e-01 -1.372085e+00 8.199031e-02 
FG -5.008861e-02 2.459832e-01 -6.600817e-01 4.582304e-01 -9.298082e-01 -2.001423e-01 
FH 2.056690e+00 1.099034e-01 -3.712443e-01 -1.064686e+00 -2.194388e+00 -1.301889e+00 
FI 2.245710e+00 8.950566e-01 7.298465e-01 -1.014520e+00 -1.671865e+00 -9.140967e-01 
FL 2.455527e+00 1.435983e+00 6.877562e-02 -2.322586e+00 -2.493570e+00 -1.378386e+00 
FK 2.579618e+00 7.039284e-01 9.451110e-02 -8.587697e-01 -1.673845e+00 4.969308e-01 
FM 1.631602e+00 6.662074e-01 9.257139e-01 -1.576133e+00 -2.093634e+00 -5.750381e-01 
FF 1.184254e+00 1.460645e+00 4.376651e-01 -1.647660e+00 -2.044025e+00 -1.113862e+00 
FP 2.221934e+00 2.313782e-01 7.770529e-01 1.964802e+00 -2.198572e+00 -1.316135e+00 
FS 2.003761e+00 5.761785e-01 -3.698398e-01 -7.995095e-01 -9.897262e-01 1.562989e-01 
FT 2.319332e+00 1.568829e-01 -3.764478e-02 -1.016225e+00 -1.322984e+00 -4.631510e-01 
FW 8.525456e-01 -1.921960e-01 2.307077e+00 -2.292870e-02 -2.385914e+00 -1.386924e+00 
FY 4.951868e-01 1.327008e-01 3.250264e-01 -9.505225e-01 -1.256279e+00 -1.022669e-02 
FV 2.551325e+00 3.989510e-01 -4.811143e-01 -1.129923e+00 -2.231289e+00 -8.553230e-01 
PA 6.774230e-01 1.530664e+00 4.729675e-01 5.032416e-01 -1.940980e+00 -5.152819e-01 
PR 9.184998e-01 5.558608e-01 7.177644e-01 6.558208e-02 -1.871856e+00 -3.351167e-01 
PN -2.858861e-01 2.392490e-01 5.924847e-02 -7.208163e-01 -2.531020e+00 -5.162452e-01 
PD 1.205957e-01 8.661917e-01 -3.379633e-02 -7.200476e-01 -3.030089e+00 -8.996160e-01 
PC 8.074579e-01 4.777395e-01 2.571049e-01 -4.821286e-01 -1.379126e+00 -8.359342e-01 
PQ 7.250119e-01 4.510836e-01 2.998753e-01 3.351454e-01 -2.890594e+00 -4.597627e-01 
PE -9.910755e-02 1.528450e+00 6.774843e-01 -3.042038e-02 -2.804231e+00 -2.854641e-01 
PG -1.268220e+00 -1.698120e-01 -4.684023e-01 -4.044635e-01 -2.562378e+00 -5.478285e-01 
PH -2.064487e-02 6.074822e-01 2.354695e-01 -9.862781e-01 -2.889602e+00 -6.564328e-01 
PI 2.010774e+00 5.242170e-01 -6.365961e-02 -1.651333e-01 -2.420916e+00 -4.875916e-01 
PL 1.376608e+00 1.113596e+00 2.944102e-01 -1.314905e-02 -2.498596e+00 -6.892786e-01 
PK 6.587528e-01 8.259008e-01 1.815293e-01 7.701581e-02 -2.745401e+00 -3.595615e-01 
PM 5.872456e-01 2.332897e-01 1.806931e-01 -1.272865e-02 -2.553857e+00 -1.721033e-04 
PF 1.072470e+00 7.482543e-01 3.598221e-01 -5.078501e-01 -2.577124e+00 -1.300185e+00 
PP 6.536567e-01 2.067569e+00 1.109209e+00 3.122697e+00 -3.359758e+00 -1.237508e+00 
PS 5.133877e-01 9.170028e-01 2.363089e-02 -2.590043e-01 -2.507373e+00 -4.129235e-01 
PT 1.250723e+00 2.636437e-01 3.024189e-02 -6.808827e-01 -2.764891e+00 -9.418014e-01 
PW 1.357349e+00 1.322334e+00 3.035735e-01 -1.408011e+00 -3.207613e+00 -9.841610e-01 
PY 1.547810e-01 6.712584e-01 5.996618e-01 -5.346871e-01 -2.355622e+00 -8.712749e-01 
PV 2.440275e+00 6.095609e-01 7.960598e-02 -1.083625e-01 -2.470912e+00 -7.598479e-01 
SA 9.386332e-01 1.138605e+00 -1.119487e-01 -5.363251e-01 -1.444778e+00 -2.809535e-01 
SR 5.324083e-01 4.811593e-01 -1.320757e-01 -7.801654e-01 -1.921084e+00 -2.290825e-01 
SN 2.274906e-01 4.810466e-01 -1.380685e-02 -6.950572e-01 -2.324713e+00 -2.325838e-01 
SD 3.379055e-01 1.264518e+00 4.088684e-02 -6.957714e-01 -1.933608e+00 -5.299509e-01 
SC 1.787922e+00 8.070455e-01 -1.957967e-01 -1.066028e+00 -1.735704e+00 -2.304947e-01 
SQ 5.943181e-01 5.383292e-01 1.670423e-01 -9.370498e-01 -2.187703e+00 -1.271012e-01 
SE 3.961002e-01 1.193097e+00 2.585076e-01 -1.731668e-01 -1.859673e+00 -3.035845e-01 
SG -7.740369e-01 3.469918e-01 -3.332179e-01 7.929053e-01 -1.777594e+00 -2.989260e-01 
SH 2.640561e-01 1.096287e+00 2.538199e-01 -7.190253e-01 -1.839473e+00 -5.510366e-01 
SI 2.363628e+00 1.113078e+00 -4.173590e-02 -1.527468e+00 -2.755413e+00 -5.662097e-01 
SL 1.674214e+00 1.480332e+00 3.162911e-01 -1.218711e+00 -1.964155e+00 -5.742998e-01 
SK 4.974689e-01 9.474068e-01 3.727967e-02 -3.710496e-01 -2.503595e+00 -4.432124e-01 
SM 1.038366e+00 1.168587e+00 5.603913e-01 -8.821025e-01 -2.116109e+00 -1.026523e+00 
SF 1.008759e+00 3.977261e-01 4.951588e-01 -8.133235e-01 -1.995093e+00 -9.027816e-02 
SP 1.811182e+00 6.290705e-01 9.322634e-01 2.360309e+00 -2.561818e+00 -9.777614e-01 
SS 4.567181e-01 6.123290e-01 -2.250732e-01 -6.186045e-01 -1.782156e+00 -3.549348e-01 
ST 7.488127e-01 4.947808e-01 2.657486e-02 -6.414774e-01 -1.776098e+00 -1.821243e-01 
SW 1.619710e+00 1.598493e+00 2.736167e-01 -3.006950e-01 -1.233799e+00 3.044200e-01 
SY 8.407547e-01 4.491004e-01 2.883410e-01 -3.234693e-01 -1.186580e+00 -5.180853e-01 
SV 1.801882e+00 9.621801e-01 3.298298e-01 -1.031077e+00 -1.958716e+00 -3.450283e-01 
TA 6.546672e-01 1.549908e+00 -5.774757e-01 -2.870074e-01 -9.040656e-01 -2.563819e-01 
TR 1.012171e+00 5.241419e-01 -1.038417e-01 -4.679783e-01 -1.945096e+00 -6.221616e-01 
TN 2.729570e-01 3.205669e-01 -6.472719e-01 -4.289339e-01 -1.818685e+00 -4.913694e-01 
TD 3.985582e-01 1.394378e+00 -2.809692e-01 -4.547195e-01 -1.679995e+00 3.473704e-03 
TC 7.533177e-01 1.114804e-01 5.226903e-02 5.131365e-02 -1.348071e+00 -1.674126e-01 
TQ 5.454405e-01 7.595346e-01 -5.353378e-02 -3.271141e-01 -1.824985e+00 1.336433e-01 
TE 7.437112e-01 1.310909e+00 -3.170110e-01 -1.928537e-01 -1.954284e+00 -5.085307e-01 
TG -4.373237e-01 6.787491e-01 -1.049117e+00 4.862793e-01 -1.810937e+00 -1.189253e-01 
TH -1.722021e-02 3.978716e-01 -3.073429e-01 -4.438103e-01 -1.181564e+00 -8.102060e-01 
TI 1.845314e+00 9.322307e-01 -1.582436e-01 -7.849057e-01 -1.612965e+00 5.046679e-02 
TL 1.864493e+00 1.205821e+00 -1.968971e-01 -7.879041e-01 -1.836543e+00 -1.003976e-01 
TK 7.336084e-01 1.013451e+00 -2.878604e-01 -4.571293e-01 -2.653302e+00 -2.758478e-01 
TM 1.729370e+00 1.269901e+00 1.527616e-02 -9.317348e-01 -2.016855e+00 -4.078014e-01 
TF 1.192447e+00 4.732049e-01 8.484689e-02 -2.996374e-01 -1.501051e+00 -1.535453e-01 
TP 2.367180e+00 1.537554e+00 5.969461e-01 1.970503e+00 -3.266474e+00 -1.150984e+00 
TS 4.606323e-01 9.578281e-01 -3.696522e-01 -4.507605e-01 -1.235913e+00 -3.645328e-01 
TT 1.200745e+00 9.036572e-01 -3.200460e-01 -7.695592e-01 -1.753978e+00 -2.927355e-01 
TW 1.758469e+00 9.701669e-01 -8.578965e-01 -7.587173e-01 -2.316544e+00 1.989347e-01 
TY 1.280479e+00 9.086048e-01 1.855215e-01 -1.863343e-02 -1.941102e+00 -6.158256e-01 
TV 1.838945e+00 9.193262e-01 1.887494e-02 -2.981832e-01 -2.130509e+00 -4.398771e-01 
WA 1.411195e+00 8.439370e-01 1.944485e-02 -1.141930e+00 -1.440230e+00 1.521678e-03 
WR 2.081220e+00 2.693977e-02 -2.405824e-02 -2.617960e+00 -3.165220e+00 -9.603033e-01 
WN 6.930906e-01 -6.160195e-02 8.869320e-01 -1.302037e+00 -1.141047e+00 7.009228e-01 
WD 1.380342e+00 6.965328e-01 1.228431e-01 -1.100829e+00 -1.335058e+00 -3.451505e-01 
WC 3.267518e+00 5.752527e-01 -9.602966e-01 -2.152610e+00 -1.890014e+00 1.281944e-01 
WQ 2.477145e+00 7.528937e-01 1.937285e-01 -1.350338e+00 -1.777399e+00 2.795182e-01 
WE 2.164274e+00 1.103732e+00 1.264060e+00 -1.193591e+00 -1.687191e+00 -7.936150e-01 
WG 1.173893e-01 5.146403e-01 -1.433363e-01 4.296906e-01 -1.219367e+00 -7.503737e-01 
WH 1.728107e+00 1.025128e+00 1.048040e+00 -5.986830e-01 -5.035038e-01 -4.982494e-01 
WI 9.815202e-01 -6.919217e-02 -7.862837e-01 -2.348989e+00 -1.345284e+00 2.215288e-01 
WL 6.642544e-01 5.273491e-01 -6.540405e-01 -1.564831e+00 -2.242763e+00 -3.016585e-01 
WK 1.046251e+00 -2.028976e-01 -2.313089e-01 -7.768963e-01 -1.752167e+00 1.651111e-01 
WM 7.343287e-01 -1.292546e-01 -4.174865e-01 -2.838317e+00 -2.207426e+00 6.481742e-01 
WF 6.793528e-01 7.577743e-01 1.978250e+00 -7.641251e-01 -1.599725e+00 6.826689e-01 
WP 1.783101e+00 -3.682122e-01 2.514323e-01 1.257228e+00 -3.061340e+00 -2.309413e+00 
WS 1.382637e+00 6.132433e-01 1.392511e-01 -3.230764e-01 -1.639198e+00 -4.869101e-01 
WT 2.537785e+00 4.621672e-02 -3.954618e-01 -1.357734e+00 -2.367018e+00 -3.826468e-01 
WW 1.236056e+00 4.855441e-01 5.775624e-01 -4.302013e+00 -2.158414e+00 -6.205333e-01 
WY 1.247965e+00 -3.946871e-02 1.609610e+00 -1.869397e+00 -1.534148e+00 -7.344686e-01 
WV 2.504357e+00 -8.793750e-01 -1.863869e-01 -3.001672e+00 -2.083593e+00 6.689131e-01 
YA 1.150774e+00 5.684488e-01 -4.411189e-01 -7.857889e-01 -6.805842e-01 1.105945e-01 
YR 2.173223e+00 2.946678e-02 -3.279213e-01 -9.254350e-01 -1.567377e+00 -5.840828e-01 
YN 1.112901e+00 -2.954789e-01 -1.160332e+00 -7.244351e-01 -2.387549e+00 -5.919069e-01 
YD 1.289290e+00 4.745480e-01 2.437299e-03 -8.079951e-02 -1.897455e+00 -1.832386e-01 
YC 8.437911e-01 5.949821e-02 -4.020419e-01 -1.241232e+00 -1.421114e+00 -1.477097e+00 
YQ 1.058767e+00 1.803455e-01 -4.406412e-01 -4.462882e-01 -1.597996e+00 3.402882e-01 
YE 1.332977e+00 4.904417e-01 6.962488e-02 -5.971746e-01 -1.799776e+00 6.600916e-02 
YG -4.193867e-01 5.290176e-01 -5.426869e-01 8.881519e-01 -1.124320e+00 -4.228165e-01 
YH -4.517109e-02 1.047266e+00 -4.363706e-01 -4.849299e-01 -1.025470e+00 2.213302e-01 
YI 2.944677e+00 1.968032e-02 2.362349e-01 -2.070989e+00 -2.728264e+00 -6.236124e-01 
YL 1.325475e+00 7.666669e-01 8.276858e-01 -1.593912e+00 -1.753728e+00 1.664650e-01 
YK 1.643959e+00 -3.716028e-01 -2.884914e-01 -4.139371e-01 -1.545540e+00 -4.640023e-01 
YM 5.853865e-01 -1.861604e-02 -1.233588e-01 -1.400029e+00 -1.098968e+00 6.826070e-01 
YF 7.950116e-01 -3.704855e-01 4.382569e-01 -2.279875e+00 -1.699305e+00 -5.634764e-01 
YP 1.903324e+00 1.223939e-02 9.102446e-01 1.667266e+00 -2.142808e+00 -1.856085e+00 
YS 1.609529e+00 3.897872e-01 -3.473051e-01 -6.395650e-01 -1.424655e+00 -5.997732e-01 
YT 1.839521e+00 -2.602403e-01 -6.199326e-02 -1.013145e+00 -1.184868e+00 -1.376894e-01 
YW 1.585261e+00 -6.010430e-01 2.174856e-02 -2.522748e+00 -2.500641e+00 -1.767695e-01 
YY 1.420834e+00 -3.744451e-01 -4.788248e-01 -1.845608e+00 -2.714255e+00 -1.248444e+00 
YV 2.436395e+00 -3.864571e-01 -5.007719e-01 -1.373594e+00 -2.158662e+00 -2.035273e-01 
VA 1.498135e+00 7.230937e-01 -2.455500e-01 9.140633e-02 -1.843976e+00 -2.082028e-01 
VR 1.660666e+00 -1.218510e-01 9.867529e-03 -4.665067e-01 -1.950566e+00 2.362960e-01 
VN 5.058728e-01 -4.918972e-01 -4.588558e-02 -1.050031e-01 -1.966258e+00 -3.423841e-01 
VD 1.045396e+00 -1.096748e-01 2.294648e-01 4.482560e-01 -1.721391e+00 -2.804929e-01 
VC -8.471675e-02 -4.806701e-01 4.369074e-01 2.020362e-01 -1.511338e+00 -3.648820e-01 
VQ 2.696897e+00 8.506797e-01 2.313754e-01 -4.776731e-01 -2.692938e+00 -7.117001e-01 
VE 1.759613e+00 5.855219e-01 2.393343e-01 -2.127888e-01 -2.673134e+00 -1.813377e-01 
VG -3.965931e-01 -3.950620e-01 -1.556470e-01 4.110822e-01 -1.293978e+00 -5.227305e-01 
VH 2.116309e+00 -2.376775e-02 1.435569e-01 -1.005135e+00 -2.779936e+00 -1.134047e+00 
VI 2.266192e+00 2.119549e-01 2.585437e-02 -1.392530e+00 -2.588736e+00 -8.627797e-01 
VL 1.529860e+00 -1.389991e-01 -1.067295e-01 -1.029969e+00 -2.553031e+00 -2.847396e-01 
VK 2.268722e+00 2.997089e-01 2.587156e-01 -3.292556e-01 -1.879132e+00 -9.485013e-02 
VM 7.617664e-01 4.094364e-01 8.027239e-02 -2.475424e-01 -1.325445e+00 7.051366e-02 
VF 1.551882e+00 -8.723882e-01 -7.651180e-01 -1.442175e+00 -2.905875e+00 -7.338701e-01 
VP 2.271972e+00 9.282748e-01 2.539693e-01 2.395016e+00 -3.090668e+00 -1.156086e+00 
VS 1.423868e+00 4.605762e-01 -3.297665e-01 -1.710399e-01 -2.122501e+00 1.715803e-02 
VT 2.093482e+00 -1.537183e-01 2.763425e-01 -6.331200e-01 -2.147544e+00 -4.450455e-01 
VW 2.551914e+00 -5.423722e-02 -4.306900e-01 -1.472766e+00 -3.648157e+00 -9.678238e-01 
VY 6.774706e-01 -9.587057e-01 -9.168378e-01 -9.479362e-01 -2.747634e+00 1.311123e-01 
VV 2.203900e+00 -3.642499e-01 -2.323855e-01 -1.026865e+00 -2.917201e+00 -4.901819e-01 
end