"Angle"	"Energy kJ/mol"	"BondedTermsEnergy"	"NonBondedTermsEnergy"	"BondStretchEnergy"	"AngleStretchEnergy"	"TorsionEnergy"	"OutOfPlaneEnergy"	"DispersionEnergy"	"ElectrostaticEnergy"	"NonBondedEnergyC"	"NonBondedEnergyD"
-60.000000	233.609972	233.609972	0.000000	0.000000	233.609972	0.000000	0.000000	0.000000	0.000000	0.000000	0.000000
-59.800000	232.293103	232.293103	0.000000	0.000000	232.293103	0.000000	0.000000	0.000000	0.000000	0.000000	0.000000
-59.600000	230.979023	230.979023	0.000000	0.000000	230.979023	0.000000	0.000000	0.000000	0.000000	0.000000	0.000000
-59.400000	229.667761	229.667761	0.000000	0.000000	229.667760	0.000000	0.000000	0.000000	0.000000	0.000000	0.000000
-59.200000	228.359267	228.359267	0.000000	0.000000	228.359267	0.000000	0.000000	0.000000	0.000000	0.000000	0.000000
-59.000000	227.053559	227.053559	0.000000	0.000000	227.053559	0.000000	0.000000	0.000000	0.000000	0.000000	0.000000
-58.800000	225.750632	225.750632	0.000000	0.000000	225.750632	0.000000	0.000000	0.000000	0.000000	0.000000	0.000000
-58.600000	224.450477	224.450477	0.000000	0.000000	224.450477	0.000000	0.000000	0.000000	0.000000	0.000000	0.000000
-58.400000	223.153094	223.153094	0.000000	0.000000	223.153094	0.000000	0.000000	0.000000	0.000000	0.000000	0.000000
-58.200000	221.858496	221.858496	0.000000	0.000000	221.858496	0.000000	0.000000	0.000000	0.000000	0.000000	0.000000
-58.000000	220.566636	220.566636	0.000000	0.000000	220.566636	0.000000	0.000000	0.000000	0.000000	0.000000	0.000000
-57.800000	219.277550	219.277550	0.000000	0.000000	219.277550	0.000000	0.000000	0.000000	0.000000	0.000000	0.000000
-57.600000	217.991201	217.991201	0.000000	0.000000	217.991201	0.000000	0.000000	0.000000	0.000000	0.000000	0.000000
-57.400000	216.707614	216.707614	0.000000	0.000000	216.707614	0.000000	0.000000	0.000000	0.000000	0.000000	0.000000
-57.200000	215.426781	215.426781	0.000000	0.000000	215.426781	0.000000	0.000000	0.000000	0.000000	0.000000	0.000000
-57.000000	214.148668	214.148668	0.000000	0.000000	214.148668	0.000000	0.000000	0.000000	0.000000	0.000000	0.000000
-56.800000	212.873316	212.873316	0.000000	0.000000	212.873316	0.000000	0.000000	0.000000	0.000000	0.000000	0.000000
-56.600000	211.600721	211.600721	0.000000	0.000000	211.600721	0.000000	0.000000	0.000000	0.000000	0.000000	0.000000
-56.400000	210.330859	210.330859	0.000000	0.000000	210.330859	0.000000	0.000000	0.000000	0.000000	0.000000	0.000000
-56.200000	209.063704	209.063704	0.000000	0.000000	209.063704	0.000000	0.000000	0.000000	0.000000	0.000000	0.000000
-56.000000	207.799308	207.799308	0.000000	0.000000	207.799308	0.000000	0.000000	0.000000	0.000000	0.000000	0.000000
-55.800000	206.537646	206.537646	0.000000	0.000000	206.537646	0.000000	0.000000	0.000000	0.000000	0.000000	0.000000
-55.600000	205.278699	205.278699	0.000000	0.000000	205.278699	0.000000	0.000000	0.000000	0.000000	0.000000	0.000000
-55.400000	204.022495	204.022495	0.000000	0.000000	204.022495	0.000000	0.000000	0.000000	0.000000	0.000000	0.000000
-55.200000	202.769016	202.769016	0.000000	0.000000	202.769016	0.000000	0.000000	0.000000	0.000000	0.000000	0.000000
-55.000000	201.518280	201.518280	0.000000	0.000000	201.518280	0.000000	0.000000	0.000000	0.000000	0.000000	0.000000
-54.800000	200.270247	200.270247	0.000000	0.000000	200.270247	0.000000	0.000000	0.000000	0.000000	0.000000	0.000000
-54.600000	199.024948	199.024948	0.000000	0.000000	199.024948	0.000000	0.000000	0.000000	0.000000	0.000000	0.000000
-54.400000	197.782392	197.782392	0.000000	0.000000	197.782392	0.000000	0.000000	0.000000	0.000000	0.000000	0.000000
-54.200000	196.542560	196.542560	0.000000	0.000000	196.542560	0.000000	0.000000	0.000000	0.000000	0.000000	0.000000
-54.000000	195.305440	195.305440	0.000000	0.000000	195.305440	0.000000	0.000000	0.000000	0.000000	0.000000	0.000000
-53.800000	194.071068	194.071068	0.000000	0.000000	194.071068	0.000000	0.000000	0.000000	0.000000	0.000000	0.000000
-53.600000	192.839425	192.839425	0.000000	0.000000	192.839425	0.000000	0.000000	0.000000	0.000000	0.000000	0.000000
-53.400000	191.610519	191.610519	0.000000	0.000000	191.610519	0.000000	0.000000	0.000000	0.000000	0.000000	0.000000
-53.200000	190.384344	190.384344	0.000000	0.000000	190.384344	0.000000	0.000000	0.000000	0.000000	0.000000	0.000000
-53.000000	189.160882	189.160882	0.000000	0.000000	189.160882	0.000000	0.000000	0.000000	0.000000	0.000000	0.000000
-52.800000	187.940187	187.940187	0.000000	0.000000	187.940187	0.000000	0.000000	0.000000	0.000000	0.000000	0.000000
-52.600000	186.722217	186.722217	0.000000	0.000000	186.722217	0.000000	0.000000	0.000000	0.000000	0.000000	0.000000
-52.400000	185.507005	185.507005	0.000000	0.000000	185.507005	0.000000	0.000000	0.000000	0.000000	0.000000	0.000000
-52.200000	184.294512	184.294512	0.000000	0.000000	184.294512	0.000000	0.000000	0.000000	0.000000	0.000000	0.000000
-52.000000	183.084758	183.084758	0.000000	0.000000	183.084758	0.000000	0.000000	0.000000	0.000000	0.000000	0.000000
-51.800000	181.877781	181.877781	0.000000	0.000000	181.877781	0.000000	0.000000	0.000000	0.000000	0.000000	0.000000
-51.600000	180.673532	180.673532	0.000000	0.000000	180.673532	0.000000	0.000000	0.000000	0.000000	0.000000	0.000000
-51.400000	179.472059	179.472059	0.000000	0.000000	179.472059	0.000000	0.000000	0.000000	0.000000	0.000000	0.000000
-51.200000	178.273338	178.273338	0.000000	0.000000	178.273338	0.000000	0.000000	0.000000	0.000000	0.000000	0.000000
-51.000000	177.077392	177.077392	0.000000	0.000000	177.077392	0.000000	0.000000	0.000000	0.000000	0.000000	0.000000
-50.800000	175.884186	175.884186	0.000000	0.000000	175.884186	0.000000	0.000000	0.000000	0.000000	0.000000	0.000000
-50.600000	174.693784	174.693784	0.000000	0.000000	174.693784	0.000000	0.000000	0.000000	0.000000	0.000000	0.000000
-50.400000	173.506142	173.506142	0.000000	0.000000	173.506142	0.000000	0.000000	0.000000	0.000000	0.000000	0.000000
-50.200000	172.321258	172.321258	0.000000	0.000000	172.321258	0.000000	0.000000	0.000000	0.000000	0.000000	0.000000
-50.000000	171.139211	171.139211	0.000000	0.000000	171.139211	0.000000	0.000000	0.000000	0.000000	0.000000	0.000000
-49.800000	169.959915	169.959915	0.000000	0.000000	169.959915	0.000000	0.000000	0.000000	0.000000	0.000000	0.000000
-49.600000	168.783426	168.783426	0.000000	0.000000	168.783426	0.000000	0.000000	0.000000	0.000000	0.000000	0.000000
-49.400000	167.609761	167.609761	0.000000	0.000000	167.609761	0.000000	0.000000	0.000000	0.000000	0.000000	0.000000
-49.200000	166.438878	166.438878	0.000000	0.000000	166.438878	0.000000	0.000000	0.000000	0.000000	0.000000	0.000000
-49.000000	165.270819	165.270819	0.000000	0.000000	165.270819	0.000000	0.000000	0.000000	0.000000	0.000000	0.000000
-48.800000	164.105569	164.105569	0.000000	0.000000	164.105569	0.000000	0.000000	0.000000	0.000000	0.000000	0.000000
-48.600000	162.943163	162.943163	0.000000	0.000000	162.943163	0.000000	0.000000	0.000000	0.000000	0.000000	0.000000
-48.400000	161.783581	161.783581	0.000000	0.000000	161.783581	0.000000	0.000000	0.000000	0.000000	0.000000	0.000000
-48.200000	160.626853	160.626853	0.000000	0.000000	160.626853	0.000000	0.000000	0.000000	0.000000	0.000000	0.000000
-48.000000	159.472930	159.472930	0.000000	0.000000	159.472930	0.000000	0.000000	0.000000	0.000000	0.000000	0.000000
-47.800000	158.321922	158.321922	0.000000	0.000000	158.321922	0.000000	0.000000	0.000000	0.000000	0.000000	0.000000
-47.600000	157.173746	157.173746	0.000000	0.000000	157.173746	0.000000	0.000000	0.000000	0.000000	0.000000	0.000000
-47.400000	156.028448	156.028448	0.000000	0.000000	156.028448	0.000000	0.000000	0.000000	0.000000	0.000000	0.000000
-47.200000	154.886020	154.886020	0.000000	0.000000	154.886020	0.000000	0.000000	0.000000	0.000000	0.000000	0.000000
-47.000000	153.746461	153.746461	0.000000	0.000000	153.746461	0.000000	0.000000	0.000000	0.000000	0.000000	0.000000
-46.800000	152.609830	152.609830	0.000000	0.000000	152.609830	0.000000	0.000000	0.000000	0.000000	0.000000	0.000000
-46.600000	151.476062	151.476062	0.000000	0.000000	151.476062	0.000000	0.000000	0.000000	0.000000	0.000000	0.000000
-46.400000	150.345245	150.345245	0.000000	0.000000	150.345245	0.000000	0.000000	0.000000	0.000000	0.000000	0.000000
-46.200000	149.217339	149.217339	0.000000	0.000000	149.217339	0.000000	0.000000	0.000000	0.000000	0.000000	0.000000
-46.000000	148.092356	148.092356	0.000000	0.000000	148.092356	0.000000	0.000000	0.000000	0.000000	0.000000	0.000000
-45.800000	146.970321	146.970321	0.000000	0.000000	146.970321	0.000000	0.000000	0.000000	0.000000	0.000000	0.000000
-45.600000	145.851237	145.851237	0.000000	0.000000	145.851237	0.000000	0.000000	0.000000	0.000000	0.000000	0.000000
-45.400000	144.735088	144.735088	0.000000	0.000000	144.735088	0.000000	0.000000	0.000000	0.000000	0.000000	0.000000
-45.200000	143.621946	143.621946	0.000000	0.000000	143.621946	0.000000	0.000000	0.000000	0.000000	0.000000	0.000000
-45.000000	142.511733	142.511733	0.000000	0.000000	142.511733	0.000000	0.000000	0.000000	0.000000	0.000000	0.000000
-44.800000	141.404547	141.404547	0.000000	0.000000	141.404547	0.000000	0.000000	0.000000	0.000000	0.000000	0.000000
-44.600000	140.300357	140.300357	0.000000	0.000000	140.300357	0.000000	0.000000	0.000000	0.000000	0.000000	0.000000
-44.400000	139.199153	139.199153	0.000000	0.000000	139.199153	0.000000	0.000000	0.000000	0.000000	0.000000	0.000000
-44.200000	138.100998	138.100998	0.000000	0.000000	138.100998	0.000000	0.000000	0.000000	0.000000	0.000000	0.000000
-44.000000	137.005869	137.005869	0.000000	0.000000	137.005869	0.000000	0.000000	0.000000	0.000000	0.000000	0.000000
-43.800000	135.913763	135.913763	0.000000	0.000000	135.913763	0.000000	0.000000	0.000000	0.000000	0.000000	0.000000
-43.600000	134.824727	134.824727	0.000000	0.000000	134.824727	0.000000	0.000000	0.000000	0.000000	0.000000	0.000000
-43.400000	133.738765	133.738765	0.000000	0.000000	133.738765	0.000000	0.000000	0.000000	0.000000	0.000000	0.000000
-43.200000	132.655861	132.655861	0.000000	0.000000	132.655861	0.000000	0.000000	0.000000	0.000000	0.000000	0.000000
-43.000000	131.576083	131.576083	0.000000	0.000000	131.576083	0.000000	0.000000	0.000000	0.000000	0.000000	0.000000
-42.800000	130.499361	130.499361	0.000000	0.000000	130.499361	0.000000	0.000000	0.000000	0.000000	0.000000	0.000000
-42.600000	129.425771	129.425771	0.000000	0.000000	129.425771	0.000000	0.000000	0.000000	0.000000	0.000000	0.000000
-42.400000	128.355320	128.355320	0.000000	0.000000	128.355320	0.000000	0.000000	0.000000	0.000000	0.000000	0.000000
-42.200000	127.287982	127.287982	0.000000	0.000000	127.287982	0.000000	0.000000	0.000000	0.000000	0.000000	0.000000
-42.000000	126.223853	126.223853	0.000000	0.000000	126.223853	0.000000	0.000000	0.000000	0.000000	0.000000	0.000000
-41.800000	125.162827	125.162827	0.000000	0.000000	125.162827	0.000000	0.000000	0.000000	0.000000	0.000000	0.000000
-41.600000	124.105018	124.105018	0.000000	0.000000	124.105018	0.000000	0.000000	0.000000	0.000000	0.000000	0.000000
-41.400000	123.050384	123.050384	0.000000	0.000000	123.050384	0.000000	0.000000	0.000000	0.000000	0.000000	0.000000
-41.200000	121.998949	121.998949	0.000000	0.000000	121.998949	0.000000	0.000000	0.000000	0.000000	0.000000	0.000000
-41.000000	120.950745	120.950745	0.000000	0.000000	120.950745	0.000000	0.000000	0.000000	0.000000	0.000000	0.000000
-40.800000	119.905777	119.905777	0.000000	0.000000	119.905777	0.000000	0.000000	0.000000	0.000000	0.000000	0.000000
-40.600000	118.864043	118.864043	0.000000	0.000000	118.864043	0.000000	0.000000	0.000000	0.000000	0.000000	0.000000
-40.400000	117.825586	117.825586	0.000000	0.000000	117.825586	0.000000	0.000000	0.000000	0.000000	0.000000	0.000000
-40.200000	116.790384	116.790384	0.000000	0.000000	116.790384	0.000000	0.000000	0.000000	0.000000	0.000000	0.000000
-40.000000	115.758484	115.758484	0.000000	0.000000	115.758484	0.000000	0.000000	0.000000	0.000000	0.000000	0.000000
-39.800000	114.729893	114.729893	0.000000	0.000000	114.729893	0.000000	0.000000	0.000000	0.000000	0.000000	0.000000
-39.600000	113.704609	113.704609	0.000000	0.000000	113.704609	0.000000	0.000000	0.000000	0.000000	0.000000	0.000000
-39.400000	112.682674	112.682674	0.000000	0.000000	112.682674	0.000000	0.000000	0.000000	0.000000	0.000000	0.000000
-39.200000	111.664073	111.664073	0.000000	0.000000	111.664073	0.000000	0.000000	0.000000	0.000000	0.000000	0.000000
-39.000000	110.648830	110.648830	0.000000	0.000000	110.648830	0.000000	0.000000	0.000000	0.000000	0.000000	0.000000
-38.800000	109.636977	109.636977	0.000000	0.000000	109.636977	0.000000	0.000000	0.000000	0.000000	0.000000	0.000000
-38.600000	108.628525	108.628525	0.000000	0.000000	108.628525	0.000000	0.000000	0.000000	0.000000	0.000000	0.000000
-38.400000	107.623480	107.623480	0.000000	0.000000	107.623480	0.000000	0.000000	0.000000	0.000000	0.000000	0.000000
-38.200000	106.621853	106.621853	0.000000	0.000000	106.621853	0.000000	0.000000	0.000000	0.000000	0.000000	0.000000
-38.000000	105.623667	105.623667	0.000000	0.000000	105.623667	0.000000	0.000000	0.000000	0.000000	0.000000	0.000000
-37.800000	104.628948	104.628948	0.000000	0.000000	104.628948	0.000000	0.000000	0.000000	0.000000	0.000000	0.000000
-37.600000	103.637702	103.637702	0.000000	0.000000	103.637702	0.000000	0.000000	0.000000	0.000000	0.000000	0.000000
-37.400000	102.649935	102.649935	0.000000	0.000000	102.649935	0.000000	0.000000	0.000000	0.000000	0.000000	0.000000
-37.200000	101.665679	101.665679	0.000000	0.000000	101.665679	0.000000	0.000000	0.000000	0.000000	0.000000	0.000000
-37.000000	100.684962	100.684962	0.000000	0.000000	100.684962	0.000000	0.000000	0.000000	0.000000	0.000000	0.000000
-36.800000	99.707755	99.707755	0.000000	0.000000	99.707755	0.000000	0.000000	0.000000	0.000000	0.000000	0.000000
-36.600000	98.734115	98.734115	0.000000	0.000000	98.734115	0.000000	0.000000	0.000000	0.000000	0.000000	0.000000
-36.400000	97.764063	97.764063	0.000000	0.000000	97.764063	0.000000	0.000000	0.000000	0.000000	0.000000	0.000000
-36.200000	96.797573	96.797573	0.000000	0.000000	96.797573	0.000000	0.000000	0.000000	0.000000	0.000000	0.000000
-36.000000	95.834718	95.834718	0.000000	0.000000	95.834718	0.000000	0.000000	0.000000	0.000000	0.000000	0.000000
-35.800000	94.875472	94.875472	0.000000	0.000000	94.875472	0.000000	0.000000	0.000000	0.000000	0.000000	0.000000
-35.600000	93.919875	93.919875	0.000000	0.000000	93.919875	0.000000	0.000000	0.000000	0.000000	0.000000	0.000000
-35.400000	92.967925	92.967925	0.000000	0.000000	92.967925	0.000000	0.000000	0.000000	0.000000	0.000000	0.000000
-35.200000	92.019643	92.019643	0.000000	0.000000	92.019643	0.000000	0.000000	0.000000	0.000000	0.000000	0.000000
-35.000000	91.075071	91.075071	0.000000	0.000000	91.075071	0.000000	0.000000	0.000000	0.000000	0.000000	0.000000
-34.800000	90.134214	90.134214	0.000000	0.000000	90.134214	0.000000	0.000000	0.000000	0.000000	0.000000	0.000000
-34.600000	89.197072	89.197072	0.000000	0.000000	89.197072	0.000000	0.000000	0.000000	0.000000	0.000000	0.000000
-34.400000	88.263702	88.263702	0.000000	0.000000	88.263702	0.000000	0.000000	0.000000	0.000000	0.000000	0.000000
-34.200000	87.334076	87.334076	0.000000	0.000000	87.334076	0.000000	0.000000	0.000000	0.000000	0.000000	0.000000
-34.000000	86.408220	86.408220	0.000000	0.000000	86.408220	0.000000	0.000000	0.000000	0.000000	0.000000	0.000000
-33.800000	85.486190	85.486190	0.000000	0.000000	85.486190	0.000000	0.000000	0.000000	0.000000	0.000000	0.000000
-33.600000	84.567957	84.567957	0.000000	0.000000	84.567957	0.000000	0.000000	0.000000	0.000000	0.000000	0.000000
-33.400000	83.653585	83.653585	0.000000	0.000000	83.653585	0.000000	0.000000	0.000000	0.000000	0.000000	0.000000
-33.200000	82.743065	82.743065	0.000000	0.000000	82.743065	0.000000	0.000000	0.000000	0.000000	0.000000	0.000000
-33.000000	81.836409	81.836409	0.000000	0.000000	81.836409	0.000000	0.000000	0.000000	0.000000	0.000000	0.000000
-32.800000	80.933657	80.933657	0.000000	0.000000	80.933657	0.000000	0.000000	0.000000	0.000000	0.000000	0.000000
-32.600000	80.034808	80.034808	0.000000	0.000000	80.034808	0.000000	0.000000	0.000000	0.000000	0.000000	0.000000
-32.400000	79.139886	79.139886	0.000000	0.000000	79.139886	0.000000	0.000000	0.000000	0.000000	0.000000	0.000000
-32.200000	78.248928	78.248928	0.000000	0.000000	78.248928	0.000000	0.000000	0.000000	0.000000	0.000000	0.000000
-32.000000	77.361927	77.361927	0.000000	0.000000	77.361927	0.000000	0.000000	0.000000	0.000000	0.000000	0.000000
-31.800000	76.478918	76.478918	0.000000	0.000000	76.478918	0.000000	0.000000	0.000000	0.000000	0.000000	0.000000
-31.600000	75.599918	75.599918	0.000000	0.000000	75.599918	0.000000	0.000000	0.000000	0.000000	0.000000	0.000000
-31.400000	74.724934	74.724934	0.000000	0.000000	74.724934	0.000000	0.000000	0.000000	0.000000	0.000000	0.000000
-31.200000	73.854001	73.854001	0.000000	0.000000	73.854001	0.000000	0.000000	0.000000	0.000000	0.000000	0.000000
-31.000000	72.987126	72.987126	0.000000	0.000000	72.987126	0.000000	0.000000	0.000000	0.000000	0.000000	0.000000
-30.800000	72.124343	72.124343	0.000000	0.000000	72.124343	0.000000	0.000000	0.000000	0.000000	0.000000	0.000000
-30.600000	71.265660	71.265660	0.000000	0.000000	71.265660	0.000000	0.000000	0.000000	0.000000	0.000000	0.000000
-30.400000	70.411101	70.411101	0.000000	0.000000	70.411101	0.000000	0.000000	0.000000	0.000000	0.000000	0.000000
-30.200000	69.560662	69.560662	0.000000	0.000000	69.560662	0.000000	0.000000	0.000000	0.000000	0.000000	0.000000
-30.000000	68.714405	68.714405	0.000000	0.000000	68.714405	0.000000	0.000000	0.000000	0.000000	0.000000	0.000000
-29.800000	67.872335	67.872335	0.000000	0.000000	67.872335	0.000000	0.000000	0.000000	0.000000	0.000000	0.000000
-29.600000	67.034447	67.034447	0.000000	0.000000	67.034447	0.000000	0.000000	0.000000	0.000000	0.000000	0.000000
-29.400000	66.200789	66.200789	0.000000	0.000000	66.200789	0.000000	0.000000	0.000000	0.000000	0.000000	0.000000
-29.200000	65.371360	65.371360	0.000000	0.000000	65.371360	0.000000	0.000000	0.000000	0.000000	0.000000	0.000000
-29.000000	64.546203	64.546203	0.000000	0.000000	64.546203	0.000000	0.000000	0.000000	0.000000	0.000000	0.000000
-28.800000	63.725330	63.725330	0.000000	0.000000	63.725330	0.000000	0.000000	0.000000	0.000000	0.000000	0.000000
-28.600000	62.908739	62.908739	0.000000	0.000000	62.908739	0.000000	0.000000	0.000000	0.000000	0.000000	0.000000
-28.400000	62.096467	62.096467	0.000000	0.000000	62.096467	0.000000	0.000000	0.000000	0.000000	0.000000	0.000000
-28.200000	61.288547	61.288547	0.000000	0.000000	61.288547	0.000000	0.000000	0.000000	0.000000	0.000000	0.000000
-28.000000	60.484981	60.484981	0.000000	0.000000	60.484981	0.000000	0.000000	0.000000	0.000000	0.000000	0.000000
-27.800000	59.685798	59.685798	0.000000	0.000000	59.685798	0.000000	0.000000	0.000000	0.000000	0.000000	0.000000
-27.600000	58.891006	58.891006	0.000000	0.000000	58.891006	0.000000	0.000000	0.000000	0.000000	0.000000	0.000000
-27.400000	58.100630	58.100630	0.000000	0.000000	58.100630	0.000000	0.000000	0.000000	0.000000	0.000000	0.000000
-27.200000	57.314695	57.314695	0.000000	0.000000	57.314695	0.000000	0.000000	0.000000	0.000000	0.000000	0.000000
-27.000000	56.533222	56.533222	0.000000	0.000000	56.533222	0.000000	0.000000	0.000000	0.000000	0.000000	0.000000
-26.800000	55.756226	55.756226	0.000000	0.000000	55.756226	0.000000	0.000000	0.000000	0.000000	0.000000	0.000000
-26.600000	54.983729	54.983729	0.000000	0.000000	54.983729	0.000000	0.000000	0.000000	0.000000	0.000000	0.000000
-26.400000	54.215754	54.215754	0.000000	0.000000	54.215754	0.000000	0.000000	0.000000	0.000000	0.000000	0.000000
-26.200000	53.452324	53.452324	0.000000	0.000000	53.452324	0.000000	0.000000	0.000000	0.000000	0.000000	0.000000
-26.000000	52.693447	52.693447	0.000000	0.000000	52.693447	0.000000	0.000000	0.000000	0.000000	0.000000	0.000000
-25.800000	51.939151	51.939151	0.000000	0.000000	51.939151	0.000000	0.000000	0.000000	0.000000	0.000000	0.000000
-25.600000	51.189463	51.189463	0.000000	0.000000	51.189463	0.000000	0.000000	0.000000	0.000000	0.000000	0.000000
-25.400000	50.444380	50.444380	0.000000	0.000000	50.444380	0.000000	0.000000	0.000000	0.000000	0.000000	0.000000
-25.200000	49.703943	49.703943	0.000000	0.000000	49.703943	0.000000	0.000000	0.000000	0.000000	0.000000	0.000000
-25.000000	48.968176	48.968176	0.000000	0.000000	48.968176	0.000000	0.000000	0.000000	0.000000	0.000000	0.000000
-24.800000	48.237089	48.237089	0.000000	0.000000	48.237089	0.000000	0.000000	0.000000	0.000000	0.000000	0.000000
-24.600000	47.510699	47.510699	0.000000	0.000000	47.510699	0.000000	0.000000	0.000000	0.000000	0.000000	0.000000
-24.400000	46.789033	46.789033	0.000000	0.000000	46.789033	0.000000	0.000000	0.000000	0.000000	0.000000	0.000000
-24.200000	46.072114	46.072114	0.000000	0.000000	46.072114	0.000000	0.000000	0.000000	0.000000	0.000000	0.000000
-24.000000	45.359944	45.359944	0.000000	0.000000	45.359944	0.000000	0.000000	0.000000	0.000000	0.000000	0.000000
-23.800000	44.652576	44.652576	0.000000	0.000000	44.652576	0.000000	0.000000	0.000000	0.000000	0.000000	0.000000
-23.600000	43.950003	43.950003	0.000000	0.000000	43.950003	0.000000	0.000000	0.000000	0.000000	0.000000	0.000000
-23.400000	43.252254	43.252254	0.000000	0.000000	43.252254	0.000000	0.000000	0.000000	0.000000	0.000000	0.000000
-23.200000	42.559342	42.559342	0.000000	0.000000	42.559342	0.000000	0.000000	0.000000	0.000000	0.000000	0.000000
-23.000000	41.871301	41.871301	0.000000	0.000000	41.871301	0.000000	0.000000	0.000000	0.000000	0.000000	0.000000
-22.800000	41.188143	41.188143	0.000000	0.000000	41.188143	0.000000	0.000000	0.000000	0.000000	0.000000	0.000000
-22.600000	40.509895	40.509895	0.000000	0.000000	40.509895	0.000000	0.000000	0.000000	0.000000	0.000000	0.000000
-22.400000	39.836577	39.836577	0.000000	0.000000	39.836577	0.000000	0.000000	0.000000	0.000000	0.000000	0.000000
-22.200000	39.168195	39.168195	0.000000	0.000000	39.168195	0.000000	0.000000	0.000000	0.000000	0.000000	0.000000
-22.000000	38.504783	38.504783	0.000000	0.000000	38.504783	0.000000	0.000000	0.000000	0.000000	0.000000	0.000000
-21.800000	37.846354	37.846354	0.000000	0.000000	37.846354	0.000000	0.000000	0.000000	0.000000	0.000000	0.000000
-21.600000	37.192933	37.192933	0.000000	0.000000	37.192933	0.000000	0.000000	0.000000	0.000000	0.000000	0.000000
-21.400000	36.544539	36.544539	0.000000	0.000000	36.544539	0.000000	0.000000	0.000000	0.000000	0.000000	0.000000
-21.200000	35.901192	35.901192	0.000000	0.000000	35.901192	0.000000	0.000000	0.000000	0.000000	0.000000	0.000000
-21.000000	35.262912	35.262912	0.000000	0.000000	35.262912	0.000000	0.000000	0.000000	0.000000	0.000000	0.000000
-20.800000	34.629720	34.629720	0.000000	0.000000	34.629720	0.000000	0.000000	0.000000	0.000000	0.000000	0.000000
-20.600000	34.001644	34.001644	0.000000	0.000000	34.001644	0.000000	0.000000	0.000000	0.000000	0.000000	0.000000
-20.400000	33.378678	33.378678	0.000000	0.000000	33.378678	0.000000	0.000000	0.000000	0.000000	0.000000	0.000000
-20.200000	32.760868	32.760868	0.000000	0.000000	32.760868	0.000000	0.000000	0.000000	0.000000	0.000000	0.000000
-20.000000	32.148225	32.148225	0.000000	0.000000	32.148225	0.000000	0.000000	0.000000	0.000000	0.000000	0.000000
-19.800000	31.540776	31.540776	0.000000	0.000000	31.540776	0.000000	0.000000	0.000000	0.000000	0.000000	0.000000
-19.600000	30.938532	30.938532	0.000000	0.000000	30.938532	0.000000	0.000000	0.000000	0.000000	0.000000	0.000000
-19.400000	30.341512	30.341512	0.000000	0.000000	30.341512	0.000000	0.000000	0.000000	0.000000	0.000000	0.000000
-19.200000	29.749738	29.749738	0.000000	0.000000	29.749738	0.000000	0.000000	0.000000	0.000000	0.000000	0.000000
-19.000000	29.163240	29.163240	0.000000	0.000000	29.163240	0.000000	0.000000	0.000000	0.000000	0.000000	0.000000
-18.800000	28.582019	28.582019	0.000000	0.000000	28.582019	0.000000	0.000000	0.000000	0.000000	0.000000	0.000000
-18.600000	28.006113	28.006113	0.000000	0.000000	28.006113	0.000000	0.000000	0.000000	0.000000	0.000000	0.000000
-18.400000	27.435529	27.435529	0.000000	0.000000	27.435529	0.000000	0.000000	0.000000	0.000000	0.000000	0.000000
-18.200000	26.870293	26.870293	0.000000	0.000000	26.870293	0.000000	0.000000	0.000000	0.000000	0.000000	0.000000
-18.000000	26.310431	26.310431	0.000000	0.000000	26.310431	0.000000	0.000000	0.000000	0.000000	0.000000	0.000000
-17.800000	25.755951	25.755951	0.000000	0.000000	25.755951	0.000000	0.000000	0.000000	0.000000	0.000000	0.000000
-17.600000	25.206870	25.206870	0.000000	0.000000	25.206870	0.000000	0.000000	0.000000	0.000000	0.000000	0.000000
-17.400000	24.663227	24.663227	0.000000	0.000000	24.663227	0.000000	0.000000	0.000000	0.000000	0.000000	0.000000
-17.200000	24.125026	24.125026	0.000000	0.000000	24.125026	0.000000	0.000000	0.000000	0.000000	0.000000	0.000000
-17.000000	23.592280	23.592280	0.000000	0.000000	23.592280	0.000000	0.000000	0.000000	0.000000	0.000000	0.000000
-16.800000	23.065031	23.065031	0.000000	0.000000	23.065031	0.000000	0.000000	0.000000	0.000000	0.000000	0.000000
-16.600000	22.543276	22.543276	0.000000	0.000000	22.543276	0.000000	0.000000	0.000000	0.000000	0.000000	0.000000
-16.400000	22.027053	22.027053	0.000000	0.000000	22.027053	0.000000	0.000000	0.000000	0.000000	0.000000	0.000000
-16.200000	21.516365	21.516365	0.000000	0.000000	21.516365	0.000000	0.000000	0.000000	0.000000	0.000000	0.000000
-16.000000	21.011243	21.011243	0.000000	0.000000	21.011243	0.000000	0.000000	0.000000	0.000000	0.000000	0.000000
-15.800000	20.511700	20.511700	0.000000	0.000000	20.511700	0.000000	0.000000	0.000000	0.000000	0.000000	0.000000
-15.600000	20.017758	20.017758	0.000000	0.000000	20.017758	0.000000	0.000000	0.000000	0.000000	0.000000	0.000000
-15.400000	19.529437	19.529437	0.000000	0.000000	19.529437	0.000000	0.000000	0.000000	0.000000	0.000000	0.000000
-15.200000	19.046752	19.046752	0.000000	0.000000	19.046752	0.000000	0.000000	0.000000	0.000000	0.000000	0.000000
-15.000000	18.569727	18.569727	0.000000	0.000000	18.569727	0.000000	0.000000	0.000000	0.000000	0.000000	0.000000
-14.800000	18.098379	18.098379	0.000000	0.000000	18.098379	0.000000	0.000000	0.000000	0.000000	0.000000	0.000000
-14.600000	17.632723	17.632723	0.000000	0.000000	17.632723	0.000000	0.000000	0.000000	0.000000	0.000000	0.000000
-14.400000	17.172778	17.172778	0.000000	0.000000	17.172778	0.000000	0.000000	0.000000	0.000000	0.000000	0.000000
-14.200000	16.718576	16.718576	0.000000	0.000000	16.718576	0.000000	0.000000	0.000000	0.000000	0.000000	0.000000
-14.000000	16.270117	16.270117	0.000000	0.000000	16.270117	0.000000	0.000000	0.000000	0.000000	0.000000	0.000000
-13.800000	15.827433	15.827433	0.000000	0.000000	15.827433	0.000000	0.000000	0.000000	0.000000	0.000000	0.000000
-13.600000	15.390536	15.390536	0.000000	0.000000	15.390536	0.000000	0.000000	0.000000	0.000000	0.000000	0.000000
-13.400000	14.959451	14.959451	0.000000	0.000000	14.959451	0.000000	0.000000	0.000000	0.000000	0.000000	0.000000
-13.200000	14.534187	14.534187	0.000000	0.000000	14.534187	0.000000	0.000000	0.000000	0.000000	0.000000	0.000000
-13.000000	14.114773	14.114773	0.000000	0.000000	14.114773	0.000000	0.000000	0.000000	0.000000	0.000000	0.000000
-12.800000	13.701218	13.701218	0.000000	0.000000	13.701218	0.000000	0.000000	0.000000	0.000000	0.000000	0.000000
-12.600000	13.293547	13.293547	0.000000	0.000000	13.293547	0.000000	0.000000	0.000000	0.000000	0.000000	0.000000
-12.400000	12.891775	12.891775	0.000000	0.000000	12.891775	0.000000	0.000000	0.000000	0.000000	0.000000	0.000000
-12.200000	12.495921	12.495921	0.000000	0.000000	12.495921	0.000000	0.000000	0.000000	0.000000	0.000000	0.000000
-12.000000	12.106003	12.106003	0.000000	0.000000	12.106003	0.000000	0.000000	0.000000	0.000000	0.000000	0.000000
-11.800000	11.722036	11.722036	0.000000	0.000000	11.722036	0.000000	0.000000	0.000000	0.000000	0.000000	0.000000
-11.600000	11.344048	11.344048	0.000000	0.000000	11.344048	0.000000	0.000000	0.000000	0.000000	0.000000	0.000000
-11.400000	10.972044	10.972044	0.000000	0.000000	10.972044	0.000000	0.000000	0.000000	0.000000	0.000000	0.000000
-11.200000	10.606052	10.606052	0.000000	0.000000	10.606052	0.000000	0.000000	0.000000	0.000000	0.000000	0.000000
-11.000000	10.246083	10.246083	0.000000	0.000000	10.246083	0.000000	0.000000	0.000000	0.000000	0.000000	0.000000
-10.800000	9.892158	9.892158	0.000000	0.000000	9.892158	0.000000	0.000000	0.000000	0.000000	0.000000	0.000000
-10.600000	9.544297	9.544297	0.000000	0.000000	9.544297	0.000000	0.000000	0.000000	0.000000	0.000000	0.000000
-10.400000	9.202508	9.202508	0.000000	0.000000	9.202508	0.000000	0.000000	0.000000	0.000000	0.000000	0.000000
-10.200000	8.866823	8.866823	0.000000	0.000000	8.866823	0.000000	0.000000	0.000000	0.000000	0.000000	0.000000
-10.000000	8.537247	8.537247	0.000000	0.000000	8.537247	0.000000	0.000000	0.000000	0.000000	0.000000	0.000000
-9.800000	8.213802	8.213802	0.000000	0.000000	8.213802	0.000000	0.000000	0.000000	0.000000	0.000000	0.000000
-9.600000	7.896507	7.896507	0.000000	0.000000	7.896507	0.000000	0.000000	0.000000	0.000000	0.000000	0.000000
-9.400000	7.585375	7.585375	0.000000	0.000000	7.585375	0.000000	0.000000	0.000000	0.000000	0.000000	0.000000
-9.200000	7.280429	7.280429	0.000000	0.000000	7.280429	0.000000	0.000000	0.000000	0.000000	0.000000	0.000000
-9.000000	6.981680	6.981680	0.000000	0.000000	6.981680	0.000000	0.000000	0.000000	0.000000	0.000000	0.000000
-8.800000	6.689150	6.689150	0.000000	0.000000	6.689150	0.000000	0.000000	0.000000	0.000000	0.000000	0.000000
-8.600000	6.402849	6.402849	0.000000	0.000000	6.402849	0.000000	0.000000	0.000000	0.000000	0.000000	0.000000
-8.400000	6.122804	6.122804	0.000000	0.000000	6.122804	0.000000	0.000000	0.000000	0.000000	0.000000	0.000000
-8.200000	5.849021	5.849021	0.000000	0.000000	5.849021	0.000000	0.000000	0.000000	0.000000	0.000000	0.000000
-8.000000	5.581525	5.581525	0.000000	0.000000	5.581525	0.000000	0.000000	0.000000	0.000000	0.000000	0.000000
-7.800000	5.320329	5.320329	0.000000	0.000000	5.320329	0.000000	0.000000	0.000000	0.000000	0.000000	0.000000
-7.600000	5.065448	5.065448	0.000000	0.000000	5.065448	0.000000	0.000000	0.000000	0.000000	0.000000	0.000000
-7.400000	4.816901	4.816901	0.000000	0.000000	4.816901	0.000000	0.000000	0.000000	0.000000	0.000000	0.000000
-7.200000	4.574703	4.574703	0.000000	0.000000	4.574703	0.000000	0.000000	0.000000	0.000000	0.000000	0.000000
-7.000000	4.338873	4.338873	0.000000	0.000000	4.338873	0.000000	0.000000	0.000000	0.000000	0.000000	0.000000
-6.800000	4.109424	4.109424	0.000000	0.000000	4.109424	0.000000	0.000000	0.000000	0.000000	0.000000	0.000000
-6.600000	3.886374	3.886374	0.000000	0.000000	3.886374	0.000000	0.000000	0.000000	0.000000	0.000000	0.000000
-6.400000	3.669737	3.669737	0.000000	0.000000	3.669737	0.000000	0.000000	0.000000	0.000000	0.000000	0.000000
-6.200000	3.459531	3.459531	0.000000	0.000000	3.459531	0.000000	0.000000	0.000000	0.000000	0.000000	0.000000
-6.000000	3.255769	3.255769	0.000000	0.000000	3.255769	0.000000	0.000000	0.000000	0.000000	0.000000	0.000000
-5.800000	3.058471	3.058471	0.000000	0.000000	3.058471	0.000000	0.000000	0.000000	0.000000	0.000000	0.000000
-5.600000	2.867649	2.867649	0.000000	0.000000	2.867649	0.000000	0.000000	0.000000	0.000000	0.000000	0.000000
-5.400000	2.683321	2.683321	0.000000	0.000000	2.683321	0.000000	0.000000	0.000000	0.000000	0.000000	0.000000
-5.200000	2.505501	2.505501	0.000000	0.000000	2.505501	0.000000	0.000000	0.000000	0.000000	0.000000	0.000000
-5.000000	2.334204	2.334204	0.000000	0.000000	2.334204	0.000000	0.000000	0.000000	0.000000	0.000000	0.000000
-4.800000	2.169449	2.169449	0.000000	0.000000	2.169449	0.000000	0.000000	0.000000	0.000000	0.000000	0.000000
-4.600000	2.011246	2.011246	0.000000	0.000000	2.011246	0.000000	0.000000	0.000000	0.000000	0.000000	0.000000
-4.400000	1.859613	1.859613	0.000000	0.000000	1.859613	0.000000	0.000000	0.000000	0.000000	0.000000	0.000000
-4.200000	1.714566	1.714566	0.000000	0.000000	1.714566	0.000000	0.000000	0.000000	0.000000	0.000000	0.000000
-4.000000	1.576119	1.576119	0.000000	0.000000	1.576119	0.000000	0.000000	0.000000	0.000000	0.000000	0.000000
-3.800000	1.444285	1.444285	0.000000	0.000000	1.444285	0.000000	0.000000	0.000000	0.000000	0.000000	0.000000
-3.600000	1.319082	1.319082	0.000000	0.000000	1.319082	0.000000	0.000000	0.000000	0.000000	0.000000	0.000000
-3.400000	1.200522	1.200522	0.000000	0.000000	1.200522	0.000000	0.000000	0.000000	0.000000	0.000000	0.000000
-3.200000	1.088623	1.088623	0.000000	0.000000	1.088623	0.000000	0.000000	0.000000	0.000000	0.000000	0.000000
-3.000000	0.983396	0.983396	0.000000	0.000000	0.983396	0.000000	0.000000	0.000000	0.000000	0.000000	0.000000
-2.800000	0.884857	0.884857	0.000000	0.000000	0.884857	0.000000	0.000000	0.000000	0.000000	0.000000	0.000000
-2.600000	0.793020	0.793020	0.000000	0.000000	0.793020	0.000000	0.000000	0.000000	0.000000	0.000000	0.000000
-2.400000	0.707900	0.707900	0.000000	0.000000	0.707900	0.000000	0.000000	0.000000	0.000000	0.000000	0.000000
-2.200000	0.629511	0.629511	0.000000	0.000000	0.629511	0.000000	0.000000	0.000000	0.000000	0.000000	0.000000
-2.000000	0.557867	0.557867	0.000000	0.000000	0.557867	0.000000	0.000000	0.000000	0.000000	0.000000	0.000000
-1.800000	0.492982	0.492982	0.000000	0.000000	0.492982	0.000000	0.000000	0.000000	0.000000	0.000000	0.000000
-1.600000	0.434869	0.434869	0.000000	0.000000	0.434869	0.000000	0.000000	0.000000	0.000000	0.000000	0.000000
-1.400000	0.383543	0.383543	0.000000	0.000000	0.383543	0.000000	0.000000	0.000000	0.000000	0.000000	0.000000
-1.200000	0.339018	0.339018	0.000000	0.000000	0.339018	0.000000	0.000000	0.000000	0.000000	0.000000	0.000000
-1.000000	0.301307	0.301307	0.000000	0.000000	0.301307	0.000000	0.000000	0.000000	0.000000	0.000000	0.000000
-0.800000	0.270424	0.270424	0.000000	0.000000	0.270424	0.000000	0.000000	0.000000	0.000000	0.000000	0.000000
-0.600000	0.246381	0.246381	0.000000	0.000000	0.246381	0.000000	0.000000	0.000000	0.000000	0.000000	0.000000
-0.400000	0.229193	0.229193	0.000000	0.000000	0.229193	0.000000	0.000000	0.000000	0.000000	0.000000	0.000000
-0.200000	0.218873	0.218873	0.000000	0.000000	0.218873	0.000000	0.000000	0.000000	0.000000	0.000000	0.000000
0.000000	0.215434	0.215434	0.000000	0.000000	0.215434	0.000000	0.000000	0.000000	0.000000	0.000000	0.000000
0.200000	0.218889	0.218889	0.000000	0.000000	0.218889	0.000000	0.000000	0.000000	0.000000	0.000000	0.000000
0.400000	0.229251	0.229251	0.000000	0.000000	0.229251	0.000000	0.000000	0.000000	0.000000	0.000000	0.000000
0.600000	0.246533	0.246533	0.000000	0.000000	0.246533	0.000000	0.000000	0.000000	0.000000	0.000000	0.000000
0.800000	0.270748	0.270748	0.000000	0.000000	0.270748	0.000000	0.000000	0.000000	0.000000	0.000000	0.000000
1.000000	0.301909	0.301909	0.000000	0.000000	0.301909	0.000000	0.000000	0.000000	0.000000	0.000000	0.000000
1.200000	0.340027	0.340027	0.000000	0.000000	0.340027	0.000000	0.000000	0.000000	0.000000	0.000000	0.000000
1.400000	0.385117	0.385117	0.000000	0.000000	0.385117	0.000000	0.000000	0.000000	0.000000	0.000000	0.000000
1.600000	0.437189	0.437189	0.000000	0.000000	0.437189	0.000000	0.000000	0.000000	0.000000	0.000000	0.000000
1.800000	0.496257	0.496257	0.000000	0.000000	0.496257	0.000000	0.000000	0.000000	0.000000	0.000000	0.000000
2.000000	0.562333	0.562333	0.000000	0.000000	0.562333	0.000000	0.000000	0.000000	0.000000	0.000000	0.000000
2.200000	0.635429	0.635429	0.000000	0.000000	0.635429	0.000000	0.000000	0.000000	0.000000	0.000000	0.000000
2.400000	0.715556	0.715556	0.000000	0.000000	0.715556	0.000000	0.000000	0.000000	0.000000	0.000000	0.000000
2.600000	0.802728	0.802728	0.000000	0.000000	0.802728	0.000000	0.000000	0.000000	0.000000	0.000000	0.000000
2.800000	0.896956	0.896956	0.000000	0.000000	0.896956	0.000000	0.000000	0.000000	0.000000	0.000000	0.000000
3.000000	0.998251	0.998251	0.000000	0.000000	0.998251	0.000000	0.000000	0.000000	0.000000	0.000000	0.000000
3.200000	1.106625	1.106625	0.000000	0.000000	1.106625	0.000000	0.000000	0.000000	0.000000	0.000000	0.000000
3.400000	1.222091	1.222091	0.000000	0.000000	1.222091	0.000000	0.000000	0.000000	0.000000	0.000000	0.000000
3.600000	1.344659	1.344659	0.000000	0.000000	1.344659	0.000000	0.000000	0.000000	0.000000	0.000000	0.000000
3.800000	1.474341	1.474341	0.000000	0.000000	1.474341	0.000000	0.000000	0.000000	0.000000	0.000000	0.000000
4.000000	1.611148	1.611148	0.000000	0.000000	1.611148	0.000000	0.000000	0.000000	0.000000	0.000000	0.000000
4.200000	1.755092	1.755092	0.000000	0.000000	1.755092	0.000000	0.000000	0.000000	0.000000	0.000000	0.000000
4.400000	1.906183	1.906183	0.000000	0.000000	1.906183	0.000000	0.000000	0.000000	0.000000	0.000000	0.000000
4.600000	2.064431	2.064431	0.000000	0.000000	2.064431	0.000000	0.000000	0.000000	0.000000	0.000000	0.000000
4.800000	2.229850	2.229850	0.000000	0.000000	2.229850	0.000000	0.000000	0.000000	0.000000	0.000000	0.000000
5.000000	2.402449	2.402449	0.000000	0.000000	2.402449	0.000000	0.000000	0.000000	0.000000	0.000000	0.000000
5.200000	2.582239	2.582239	0.000000	0.000000	2.582239	0.000000	0.000000	0.000000	0.000000	0.000000	0.000000
5.400000	2.769231	2.769231	0.000000	0.000000	2.769231	0.000000	0.000000	0.000000	0.000000	0.000000	0.000000
5.600000	2.963434	2.963434	0.000000	0.000000	2.963434	0.000000	0.000000	0.000000	0.000000	0.000000	0.000000
5.800000	3.164861	3.164861	0.000000	0.000000	3.164861	0.000000	0.000000	0.000000	0.000000	0.000000	0.000000
6.000000	3.373520	3.373520	0.000000	0.000000	3.373520	0.000000	0.000000	0.000000	0.000000	0.000000	0.000000
6.200000	3.589422	3.589422	0.000000	0.000000	3.589422	0.000000	0.000000	0.000000	0.000000	0.000000	0.000000
6.400000	3.812579	3.812579	0.000000	0.000000	3.812579	0.000000	0.000000	0.000000	0.000000	0.000000	0.000000
6.600000	4.042998	4.042998	0.000000	0.000000	4.042998	0.000000	0.000000	0.000000	0.000000	0.000000	0.000000
6.800000	4.280690	4.280690	0.000000	0.000000	4.280690	0.000000	0.000000	0.000000	0.000000	0.000000	0.000000
7.000000	4.525665	4.525665	0.000000	0.000000	4.525665	0.000000	0.000000	0.000000	0.000000	0.000000	0.000000
7.200000	4.777936	4.777936	0.000000	0.000000	4.777936	0.000000	0.000000	0.000000	0.000000	0.000000	0.000000
7.400000	5.037506	5.037506	0.000000	0.000000	5.037506	0.000000	0.000000	0.000000	0.000000	0.000000	0.000000
7.600000	5.304391	5.304391	0.000000	0.000000	5.304391	0.000000	0.000000	0.000000	0.000000	0.000000	0.000000
7.800000	5.578598	5.578598	0.000000	0.000000	5.578598	0.000000	0.000000	0.000000	0.000000	0.000000	0.000000
8.000000	5.860134	5.860134	0.000000	0.000000	5.860134	0.000000	0.000000	0.000000	0.000000	0.000000	0.000000
8.200000	6.149012	6.149012	0.000000	0.000000	6.149012	0.000000	0.000000	0.000000	0.000000	0.000000	0.000000
8.400000	6.445238	6.445238	0.000000	0.000000	6.445238	0.000000	0.000000	0.000000	0.000000	0.000000	0.000000
8.600000	6.748825	6.748825	0.000000	0.000000	6.748825	0.000000	0.000000	0.000000	0.000000	0.000000	0.000000
8.800000	7.059777	7.059777	0.000000	0.000000	7.059777	0.000000	0.000000	0.000000	0.000000	0.000000	0.000000
9.000000	7.378107	7.378107	0.000000	0.000000	7.378107	0.000000	0.000000	0.000000	0.000000	0.000000	0.000000
9.200000	7.703822	7.703822	0.000000	0.000000	7.703822	0.000000	0.000000	0.000000	0.000000	0.000000	0.000000
9.400000	8.036934	8.036934	0.000000	0.000000	8.036934	0.000000	0.000000	0.000000	0.000000	0.000000	0.000000
9.600000	8.377447	8.377447	0.000000	0.000000	8.377447	0.000000	0.000000	0.000000	0.000000	0.000000	0.000000
9.800000	8.725370	8.725370	0.000000	0.000000	8.725370	0.000000	0.000000	0.000000	0.000000	0.000000	0.000000
10.000000	9.080712	9.080712	0.000000	0.000000	9.080712	0.000000	0.000000	0.000000	0.000000	0.000000	0.000000
10.200000	9.443485	9.443485	0.000000	0.000000	9.443485	0.000000	0.000000	0.000000	0.000000	0.000000	0.000000
10.400000	9.813691	9.813691	0.000000	0.000000	9.813691	0.000000	0.000000	0.000000	0.000000	0.000000	0.000000
10.600000	10.191341	10.191341	0.000000	0.000000	10.191341	0.000000	0.000000	0.000000	0.000000	0.000000	0.000000
10.800000	10.576446	10.576446	0.000000	0.000000	10.576446	0.000000	0.000000	0.000000	0.000000	0.000000	0.000000
11.000000	10.969013	10.969013	0.000000	0.000000	10.969013	0.000000	0.000000	0.000000	0.000000	0.000000	0.000000
11.200000	11.369040	11.369040	0.000000	0.000000	11.369040	0.000000	0.000000	0.000000	0.000000	0.000000	0.000000
11.400000	11.776553	11.776553	0.000000	0.000000	11.776553	0.000000	0.000000	0.000000	0.000000	0.000000	0.000000
11.600000	12.191549	12.191549	0.000000	0.000000	12.191549	0.000000	0.000000	0.000000	0.000000	0.000000	0.000000
11.800000	12.614028	12.614028	0.000000	0.000000	12.614028	0.000000	0.000000	0.000000	0.000000	0.000000	0.000000
12.000000	13.044008	13.044008	0.000000	0.000000	13.044008	0.000000	0.000000	0.000000	0.000000	0.000000	0.000000
12.200000	13.481499	13.481499	0.000000	0.000000	13.481499	0.000000	0.000000	0.000000	0.000000	0.000000	0.000000
12.400000	13.926497	13.926497	0.000000	0.000000	13.926497	0.000000	0.000000	0.000000	0.000000	0.000000	0.000000
12.600000	14.379017	14.379017	0.000000	0.000000	14.379017	0.000000	0.000000	0.000000	0.000000	0.000000	0.000000
12.800000	14.839061	14.839061	0.000000	0.000000	14.839061	0.000000	0.000000	0.000000	0.000000	0.000000	0.000000
13.000000	15.306645	15.306645	0.000000	0.000000	15.306645	0.000000	0.000000	0.000000	0.000000	0.000000	0.000000
13.200000	15.781766	15.781766	0.000000	0.000000	15.781766	0.000000	0.000000	0.000000	0.000000	0.000000	0.000000
13.400000	16.264441	16.264441	0.000000	0.000000	16.264441	0.000000	0.000000	0.000000	0.000000	0.000000	0.000000
13.600000	16.754663	16.754663	0.000000	0.000000	16.754663	0.000000	0.000000	0.000000	0.000000	0.000000	0.000000
13.800000	17.252452	17.252452	0.000000	0.000000	17.252452	0.000000	0.000000	0.000000	0.000000	0.000000	0.000000
14.000000	17.757805	17.757805	0.000000	0.000000	17.757805	0.000000	0.000000	0.000000	0.000000	0.000000	0.000000
14.200000	18.270734	18.270734	0.000000	0.000000	18.270734	0.000000	0.000000	0.000000	0.000000	0.000000	0.000000
14.400000	18.791242	18.791242	0.000000	0.000000	18.791242	0.000000	0.000000	0.000000	0.000000	0.000000	0.000000
14.600000	19.319336	19.319336	0.000000	0.000000	19.319336	0.000000	0.000000	0.000000	0.000000	0.000000	0.000000
14.800000	19.855027	19.855027	0.000000	0.000000	19.855027	0.000000	0.000000	0.000000	0.000000	0.000000	0.000000
15.000000	20.398312	20.398312	0.000000	0.000000	20.398312	0.000000	0.000000	0.000000	0.000000	0.000000	0.000000
15.200000	20.949198	20.949198	0.000000	0.000000	20.949198	0.000000	0.000000	0.000000	0.000000	0.000000	0.000000
15.400000	21.507701	21.507701	0.000000	0.000000	21.507701	0.000000	0.000000	0.000000	0.000000	0.000000	0.000000
15.600000	22.073816	22.073816	0.000000	0.000000	22.073816	0.000000	0.000000	0.000000	0.000000	0.000000	0.000000
15.800000	22.647559	22.647559	0.000000	0.000000	22.647559	0.000000	0.000000	0.000000	0.000000	0.000000	0.000000
16.000000	23.228919	23.228919	0.000000	0.000000	23.228919	0.000000	0.000000	0.000000	0.000000	0.000000	0.000000
16.200000	23.817918	23.817918	0.000000	0.000000	23.817918	0.000000	0.000000	0.000000	0.000000	0.000000	0.000000
16.400000	24.414552	24.414552	0.000000	0.000000	24.414552	0.000000	0.000000	0.000000	0.000000	0.000000	0.000000
16.600000	25.018829	25.018829	0.000000	0.000000	25.018829	0.000000	0.000000	0.000000	0.000000	0.000000	0.000000
16.800000	25.630753	25.630753	0.000000	0.000000	25.630753	0.000000	0.000000	0.000000	0.000000	0.000000	0.000000
17.000000	26.250330	26.250330	0.000000	0.000000	26.250330	0.000000	0.000000	0.000000	0.000000	0.000000	0.000000
17.200000	26.877565	26.877565	0.000000	0.000000	26.877565	0.000000	0.000000	0.000000	0.000000	0.000000	0.000000
17.400000	27.512464	27.512464	0.000000	0.000000	27.512464	0.000000	0.000000	0.000000	0.000000	0.000000	0.000000
17.600000	28.155028	28.155028	0.000000	0.000000	28.155028	0.000000	0.000000	0.000000	0.000000	0.000000	0.000000
17.800000	28.805271	28.805271	0.000000	0.000000	28.805271	0.000000	0.000000	0.000000	0.000000	0.000000	0.000000
18.000000	29.463188	29.463188	0.000000	0.000000	29.463188	0.000000	0.000000	0.000000	0.000000	0.000000	0.000000
18.200000	30.128783	30.128783	0.000000	0.000000	30.128783	0.000000	0.000000	0.000000	0.000000	0.000000	0.000000
18.400000	30.802061	30.802061	0.000000	0.000000	30.802061	0.000000	0.000000	0.000000	0.000000	0.000000	0.000000
18.600000	31.483032	31.483032	0.000000	0.000000	31.483032	0.000000	0.000000	0.000000	0.000000	0.000000	0.000000
18.800000	32.171700	32.171700	0.000000	0.000000	32.171700	0.000000	0.000000	0.000000	0.000000	0.000000	0.000000
19.000000	32.868066	32.868066	0.000000	0.000000	32.868066	0.000000	0.000000	0.000000	0.000000	0.000000	0.000000
19.200000	33.572124	33.572124	0.000000	0.000000	33.572124	0.000000	0.000000	0.000000	0.000000	0.000000	0.000000
19.400000	34.283904	34.283904	0.000000	0.000000	34.283904	0.000000	0.000000	0.000000	0.000000	0.000000	0.000000
19.600000	35.003370	35.003370	0.000000	0.000000	35.003370	0.000000	0.000000	0.000000	0.000000	0.000000	0.000000
19.800000	35.730572	35.730572	0.000000	0.000000	35.730572	0.000000	0.000000	0.000000	0.000000	0.000000	0.000000
20.000000	36.465482	36.465482	0.000000	0.000000	36.465482	0.000000	0.000000	0.000000	0.000000	0.000000	0.000000
20.200000	37.208108	37.208108	0.000000	0.000000	37.208108	0.000000	0.000000	0.000000	0.000000	0.000000	0.000000
20.400000	37.958456	37.958456	0.000000	0.000000	37.958456	0.000000	0.000000	0.000000	0.000000	0.000000	0.000000
20.600000	38.716546	38.716546	0.000000	0.000000	38.716546	0.000000	0.000000	0.000000	0.000000	0.000000	0.000000
20.800000	39.482342	39.482342	0.000000	0.000000	39.482342	0.000000	0.000000	0.000000	0.000000	0.000000	0.000000
21.000000	40.255890	40.255890	0.000000	0.000000	40.255890	0.000000	0.000000	0.000000	0.000000	0.000000	0.000000
21.200000	41.037165	41.037165	0.000000	0.000000	41.037165	0.000000	0.000000	0.000000	0.000000	0.000000	0.000000
21.400000	41.826185	41.826185	0.000000	0.000000	41.826185	0.000000	0.000000	0.000000	0.000000	0.000000	0.000000
21.600000	42.622949	42.622949	0.000000	0.000000	42.622949	0.000000	0.000000	0.000000	0.000000	0.000000	0.000000
21.800000	43.427443	43.427443	0.000000	0.000000	43.427443	0.000000	0.000000	0.000000	0.000000	0.000000	0.000000
22.000000	44.239704	44.239704	0.000000	0.000000	44.239704	0.000000	0.000000	0.000000	0.000000	0.000000	0.000000
22.200000	45.059700	45.059700	0.000000	0.000000	45.059700	0.000000	0.000000	0.000000	0.000000	0.000000	0.000000
22.400000	45.887453	45.887453	0.000000	0.000000	45.887453	0.000000	0.000000	0.000000	0.000000	0.000000	0.000000
22.600000	46.722950	46.722950	0.000000	0.000000	46.722950	0.000000	0.000000	0.000000	0.000000	0.000000	0.000000
22.800000	47.566216	47.566216	0.000000	0.000000	47.566216	0.000000	0.000000	0.000000	0.000000	0.000000	0.000000
23.000000	48.417241	48.417241	0.000000	0.000000	48.417241	0.000000	0.000000	0.000000	0.000000	0.000000	0.000000
23.200000	49.276014	49.276014	0.000000	0.000000	49.276014	0.000000	0.000000	0.000000	0.000000	0.000000	0.000000
23.400000	50.142565	50.142565	0.000000	0.000000	50.142565	0.000000	0.000000	0.000000	0.000000	0.000000	0.000000
23.600000	51.016863	51.016863	0.000000	0.000000	51.016863	0.000000	0.000000	0.000000	0.000000	0.000000	0.000000
23.800000	51.898948	51.898948	0.000000	0.000000	51.898948	0.000000	0.000000	0.000000	0.000000	0.000000	0.000000
24.000000	52.788772	52.788772	0.000000	0.000000	52.788772	0.000000	0.000000	0.000000	0.000000	0.000000	0.000000
24.200000	53.686393	53.686393	0.000000	0.000000	53.686393	0.000000	0.000000	0.000000	0.000000	0.000000	0.000000
24.400000	54.591771	54.591771	0.000000	0.000000	54.591771	0.000000	0.000000	0.000000	0.000000	0.000000	0.000000
24.600000	55.504915	55.504915	0.000000	0.000000	55.504915	0.000000	0.000000	0.000000	0.000000	0.000000	0.000000
24.800000	56.425845	56.425845	0.000000	0.000000	56.425845	0.000000	0.000000	0.000000	0.000000	0.000000	0.000000
25.000000	57.354530	57.354530	0.000000	0.000000	57.354530	0.000000	0.000000	0.000000	0.000000	0.000000	0.000000
25.200000	58.291006	58.291006	0.000000	0.000000	58.291006	0.000000	0.000000	0.000000	0.000000	0.000000	0.000000
25.400000	59.235263	59.235263	0.000000	0.000000	59.235263	0.000000	0.000000	0.000000	0.000000	0.000000	0.000000
25.600000	60.187284	60.187284	0.000000	0.000000	60.187284	0.000000	0.000000	0.000000	0.000000	0.000000	0.000000
25.800000	61.147092	61.147092	0.000000	0.000000	61.147092	0.000000	0.000000	0.000000	0.000000	0.000000	0.000000
26.000000	62.114673	62.114673	0.000000	0.000000	62.114673	0.000000	0.000000	0.000000	0.000000	0.000000	0.000000
26.200000	63.090043	63.090043	0.000000	0.000000	63.090043	0.000000	0.000000	0.000000	0.000000	0.000000	0.000000
26.400000	64.073182	64.073182	0.000000	0.000000	64.073182	0.000000	0.000000	0.000000	0.000000	0.000000	0.000000
26.600000	65.064098	65.064098	0.000000	0.000000	65.064098	0.000000	0.000000	0.000000	0.000000	0.000000	0.000000
26.800000	66.062791	66.062791	0.000000	0.000000	66.062791	0.000000	0.000000	0.000000	0.000000	0.000000	0.000000
27.000000	67.069298	67.069298	0.000000	0.000000	67.069298	0.000000	0.000000	0.000000	0.000000	0.000000	0.000000
27.200000	68.083541	68.083541	0.000000	0.000000	68.083541	0.000000	0.000000	0.000000	0.000000	0.000000	0.000000
27.400000	69.105597	69.105597	0.000000	0.000000	69.105597	0.000000	0.000000	0.000000	0.000000	0.000000	0.000000
27.600000	70.135424	70.135424	0.000000	0.000000	70.135424	0.000000	0.000000	0.000000	0.000000	0.000000	0.000000
27.800000	71.173021	71.173021	0.000000	0.000000	71.173021	0.000000	0.000000	0.000000	0.000000	0.000000	0.000000
28.000000	72.218417	72.218417	0.000000	0.000000	72.218417	0.000000	0.000000	0.000000	0.000000	0.000000	0.000000
28.200000	73.271568	73.271568	0.000000	0.000000	73.271568	0.000000	0.000000	0.000000	0.000000	0.000000	0.000000
28.400000	74.332508	74.332508	0.000000	0.000000	74.332508	0.000000	0.000000	0.000000	0.000000	0.000000	0.000000
28.600000	75.401215	75.401215	0.000000	0.000000	75.401215	0.000000	0.000000	0.000000	0.000000	0.000000	0.000000
28.800000	76.477707	76.477707	0.000000	0.000000	76.477707	0.000000	0.000000	0.000000	0.000000	0.000000	0.000000
29.000000	77.561984	77.561984	0.000000	0.000000	77.561984	0.000000	0.000000	0.000000	0.000000	0.000000	0.000000
29.200000	78.654023	78.654023	0.000000	0.000000	78.654023	0.000000	0.000000	0.000000	0.000000	0.000000	0.000000
29.400000	79.753851	79.753851	0.000000	0.000000	79.753851	0.000000	0.000000	0.000000	0.000000	0.000000	0.000000
29.600000	80.861455	80.861455	0.000000	0.000000	80.861455	0.000000	0.000000	0.000000	0.000000	0.000000	0.000000
29.800000	81.976825	81.976825	0.000000	0.000000	81.976825	0.000000	0.000000	0.000000	0.000000	0.000000	0.000000
30.000000	83.099943	83.099943	0.000000	0.000000	83.099943	0.000000	0.000000	0.000000	0.000000	0.000000	0.000000
30.200000	84.230866	84.230866	0.000000	0.000000	84.230866	0.000000	0.000000	0.000000	0.000000	0.000000	0.000000
30.400000	85.369551	85.369551	0.000000	0.000000	85.369551	0.000000	0.000000	0.000000	0.000000	0.000000	0.000000
30.600000	86.515995	86.515995	0.000000	0.000000	86.515995	0.000000	0.000000	0.000000	0.000000	0.000000	0.000000
30.800000	87.670201	87.670201	0.000000	0.000000	87.670201	0.000000	0.000000	0.000000	0.000000	0.000000	0.000000
31.000000	88.832167	88.832167	0.000000	0.000000	88.832167	0.000000	0.000000	0.000000	0.000000	0.000000	0.000000
31.200000	90.001887	90.001887	0.000000	0.000000	90.001887	0.000000	0.000000	0.000000	0.000000	0.000000	0.000000
31.400000	91.179389	91.179389	0.000000	0.000000	91.179389	0.000000	0.000000	0.000000	0.000000	0.000000	0.000000
31.600000	92.364649	92.364649	0.000000	0.000000	92.364649	0.000000	0.000000	0.000000	0.000000	0.000000	0.000000
31.800000	93.557640	93.557640	0.000000	0.000000	93.557640	0.000000	0.000000	0.000000	0.000000	0.000000	0.000000
32.000000	94.758394	94.758394	0.000000	0.000000	94.758394	0.000000	0.000000	0.000000	0.000000	0.000000	0.000000
32.200000	95.966905	95.966905	0.000000	0.000000	95.966905	0.000000	0.000000	0.000000	0.000000	0.000000	0.000000
32.400000	97.183153	97.183153	0.000000	0.000000	97.183153	0.000000	0.000000	0.000000	0.000000	0.000000	0.000000
32.600000	98.407156	98.407156	0.000000	0.000000	98.407156	0.000000	0.000000	0.000000	0.000000	0.000000	0.000000
32.800000	99.638911	99.638911	0.000000	0.000000	99.638911	0.000000	0.000000	0.000000	0.000000	0.000000	0.000000
33.000000	100.878399	100.878399	0.000000	0.000000	100.878399	0.000000	0.000000	0.000000	0.000000	0.000000	0.000000
33.200000	102.125620	102.125620	0.000000	0.000000	102.125620	0.000000	0.000000	0.000000	0.000000	0.000000	0.000000
33.400000	103.380563	103.380563	0.000000	0.000000	103.380563	0.000000	0.000000	0.000000	0.000000	0.000000	0.000000
33.600000	104.643257	104.643257	0.000000	0.000000	104.643257	0.000000	0.000000	0.000000	0.000000	0.000000	0.000000
33.800000	105.913669	105.913669	0.000000	0.000000	105.913669	0.000000	0.000000	0.000000	0.000000	0.000000	0.000000
34.000000	107.191787	107.191787	0.000000	0.000000	107.191787	0.000000	0.000000	0.000000	0.000000	0.000000	0.000000
34.200000	108.477656	108.477656	0.000000	0.000000	108.477656	0.000000	0.000000	0.000000	0.000000	0.000000	0.000000
34.400000	109.771257	109.771257	0.000000	0.000000	109.771257	0.000000	0.000000	0.000000	0.000000	0.000000	0.000000
34.600000	111.072505	111.072505	0.000000	0.000000	111.072505	0.000000	0.000000	0.000000	0.000000	0.000000	0.000000
34.800000	112.381531	112.381531	0.000000	0.000000	112.381531	0.000000	0.000000	0.000000	0.000000	0.000000	0.000000
35.000000	113.698227	113.698227	0.000000	0.000000	113.698227	0.000000	0.000000	0.000000	0.000000	0.000000	0.000000
35.200000	115.022639	115.022639	0.000000	0.000000	115.022639	0.000000	0.000000	0.000000	0.000000	0.000000	0.000000
35.400000	116.354766	116.354766	0.000000	0.000000	116.354766	0.000000	0.000000	0.000000	0.000000	0.000000	0.000000
35.600000	117.694537	117.694537	0.000000	0.000000	117.694537	0.000000	0.000000	0.000000	0.000000	0.000000	0.000000
35.800000	119.042039	119.042039	0.000000	0.000000	119.042039	0.000000	0.000000	0.000000	0.000000	0.000000	0.000000
36.000000	120.397224	120.397224	0.000000	0.000000	120.397224	0.000000	0.000000	0.000000	0.000000	0.000000	0.000000
36.200000	121.760085	121.760085	0.000000	0.000000	121.760085	0.000000	0.000000	0.000000	0.000000	0.000000	0.000000
36.400000	123.130621	123.130621	0.000000	0.000000	123.130621	0.000000	0.000000	0.000000	0.000000	0.000000	0.000000
36.600000	124.508846	124.508846	0.000000	0.000000	124.508846	0.000000	0.000000	0.000000	0.000000	0.000000	0.000000
36.800000	125.894726	125.894726	0.000000	0.000000	125.894726	0.000000	0.000000	0.000000	0.000000	0.000000	0.000000
37.000000	127.288290	127.288290	0.000000	0.000000	127.288290	0.000000	0.000000	0.000000	0.000000	0.000000	0.000000
37.200000	128.689482	128.689482	0.000000	0.000000	128.689482	0.000000	0.000000	0.000000	0.000000	0.000000	0.000000
37.400000	130.098330	130.098330	0.000000	0.000000	130.098330	0.000000	0.000000	0.000000	0.000000	0.000000	0.000000
37.600000	131.514835	131.514835	0.000000	0.000000	131.514835	0.000000	0.000000	0.000000	0.000000	0.000000	0.000000
37.800000	132.938976	132.938976	0.000000	0.000000	132.938976	0.000000	0.000000	0.000000	0.000000	0.000000	0.000000
38.000000	134.370778	134.370778	0.000000	0.000000	134.370778	0.000000	0.000000	0.000000	0.000000	0.000000	0.000000
38.200000	135.810202	135.810202	0.000000	0.000000	135.810202	0.000000	0.000000	0.000000	0.000000	0.000000	0.000000
38.400000	137.257241	137.257241	0.000000	0.000000	137.257241	0.000000	0.000000	0.000000	0.000000	0.000000	0.000000
38.600000	138.711897	138.711897	0.000000	0.000000	138.711897	0.000000	0.000000	0.000000	0.000000	0.000000	0.000000
38.800000	140.174181	140.174181	0.000000	0.000000	140.174181	0.000000	0.000000	0.000000	0.000000	0.000000	0.000000
39.000000	141.644085	141.644085	0.000000	0.000000	141.644085	0.000000	0.000000	0.000000	0.000000	0.000000	0.000000
39.200000	143.121588	143.121588	0.000000	0.000000	143.121588	0.000000	0.000000	0.000000	0.000000	0.000000	0.000000
39.400000	144.606675	144.606675	0.000000	0.000000	144.606675	0.000000	0.000000	0.000000	0.000000	0.000000	0.000000
39.600000	146.099375	146.099375	0.000000	0.000000	146.099375	0.000000	0.000000	0.000000	0.000000	0.000000	0.000000
39.800000	147.599652	147.599652	0.000000	0.000000	147.599652	0.000000	0.000000	0.000000	0.000000	0.000000	0.000000
40.000000	149.107504	149.107504	0.000000	0.000000	149.107504	0.000000	0.000000	0.000000	0.000000	0.000000	0.000000
40.200000	150.622933	150.622933	0.000000	0.000000	150.622933	0.000000	0.000000	0.000000	0.000000	0.000000	0.000000
40.400000	152.145942	152.145942	0.000000	0.000000	152.145942	0.000000	0.000000	0.000000	0.000000	0.000000	0.000000
40.600000	153.676508	153.676508	0.000000	0.000000	153.676508	0.000000	0.000000	0.000000	0.000000	0.000000	0.000000
40.800000	155.214606	155.214606	0.000000	0.000000	155.214606	0.000000	0.000000	0.000000	0.000000	0.000000	0.000000
41.000000	156.760252	156.760252	0.000000	0.000000	156.760252	0.000000	0.000000	0.000000	0.000000	0.000000	0.000000
41.200000	158.313450	158.313450	0.000000	0.000000	158.313449	0.000000	0.000000	0.000000	0.000000	0.000000	0.000000
41.400000	159.874189	159.874189	0.000000	0.000000	159.874189	0.000000	0.000000	0.000000	0.000000	0.000000	0.000000
41.600000	161.442442	161.442442	0.000000	0.000000	161.442442	0.000000	0.000000	0.000000	0.000000	0.000000	0.000000
41.800000	163.018214	163.018214	0.000000	0.000000	163.018214	0.000000	0.000000	0.000000	0.000000	0.000000	0.000000
42.000000	164.601511	164.601511	0.000000	0.000000	164.601511	0.000000	0.000000	0.000000	0.000000	0.000000	0.000000
42.200000	166.192274	166.192274	0.000000	0.000000	166.192274	0.000000	0.000000	0.000000	0.000000	0.000000	0.000000
42.400000	167.790575	167.790575	0.000000	0.000000	167.790575	0.000000	0.000000	0.000000	0.000000	0.000000	0.000000
42.600000	169.396345	169.396345	0.000000	0.000000	169.396345	0.000000	0.000000	0.000000	0.000000	0.000000	0.000000
42.800000	171.009607	171.009607	0.000000	0.000000	171.009607	0.000000	0.000000	0.000000	0.000000	0.000000	0.000000
43.000000	172.630351	172.630351	0.000000	0.000000	172.630351	0.000000	0.000000	0.000000	0.000000	0.000000	0.000000
43.200000	174.258512	174.258512	0.000000	0.000000	174.258512	0.000000	0.000000	0.000000	0.000000	0.000000	0.000000
43.400000	175.894188	175.894188	0.000000	0.000000	175.894188	0.000000	0.000000	0.000000	0.000000	0.000000	0.000000
43.600000	177.537267	177.537267	0.000000	0.000000	177.537267	0.000000	0.000000	0.000000	0.000000	0.000000	0.000000
43.800000	179.187809	179.187809	0.000000	0.000000	179.187809	0.000000	0.000000	0.000000	0.000000	0.000000	0.000000
44.000000	180.845808	180.845808	0.000000	0.000000	180.845808	0.000000	0.000000	0.000000	0.000000	0.000000	0.000000
44.200000	182.511179	182.511179	0.000000	0.000000	182.511179	0.000000	0.000000	0.000000	0.000000	0.000000	0.000000
44.400000	184.183989	184.183989	0.000000	0.000000	184.183989	0.000000	0.000000	0.000000	0.000000	0.000000	0.000000
44.600000	185.864235	185.864235	0.000000	0.000000	185.864235	0.000000	0.000000	0.000000	0.000000	0.000000	0.000000
44.800000	187.551815	187.551815	0.000000	0.000000	187.551815	0.000000	0.000000	0.000000	0.000000	0.000000	0.000000
45.000000	189.246808	189.246808	0.000000	0.000000	189.246808	0.000000	0.000000	0.000000	0.000000	0.000000	0.000000
45.200000	190.949229	190.949229	0.000000	0.000000	190.949229	0.000000	0.000000	0.000000	0.000000	0.000000	0.000000
45.400000	192.658944	192.658944	0.000000	0.000000	192.658944	0.000000	0.000000	0.000000	0.000000	0.000000	0.000000
45.600000	194.376072	194.376072	0.000000	0.000000	194.376072	0.000000	0.000000	0.000000	0.000000	0.000000	0.000000
45.800000	196.100521	196.100521	0.000000	0.000000	196.100521	0.000000	0.000000	0.000000	0.000000	0.000000	0.000000
46.000000	197.832370	197.832370	0.000000	0.000000	197.832370	0.000000	0.000000	0.000000	0.000000	0.000000	0.000000
46.200000	199.571503	199.571503	0.000000	0.000000	199.571503	0.000000	0.000000	0.000000	0.000000	0.000000	0.000000
46.400000	201.317984	201.317984	0.000000	0.000000	201.317984	0.000000	0.000000	0.000000	0.000000	0.000000	0.000000
46.600000	203.071732	203.071732	0.000000	0.000000	203.071732	0.000000	0.000000	0.000000	0.000000	0.000000	0.000000
46.800000	204.832831	204.832831	0.000000	0.000000	204.832831	0.000000	0.000000	0.000000	0.000000	0.000000	0.000000
47.000000	206.601189	206.601189	0.000000	0.000000	206.601189	0.000000	0.000000	0.000000	0.000000	0.000000	0.000000
47.200000	208.376883	208.376883	0.000000	0.000000	208.376883	0.000000	0.000000	0.000000	0.000000	0.000000	0.000000
47.400000	210.159822	210.159822	0.000000	0.000000	210.159822	0.000000	0.000000	0.000000	0.000000	0.000000	0.000000
47.600000	211.950044	211.950044	0.000000	0.000000	211.950044	0.000000	0.000000	0.000000	0.000000	0.000000	0.000000
47.800000	213.747450	213.747450	0.000000	0.000000	213.747450	0.000000	0.000000	0.000000	0.000000	0.000000	0.000000
48.000000	215.552144	215.552144	0.000000	0.000000	215.552144	0.000000	0.000000	0.000000	0.000000	0.000000	0.000000
48.200000	217.364095	217.364095	0.000000	0.000000	217.364095	0.000000	0.000000	0.000000	0.000000	0.000000	0.000000
48.400000	219.183223	219.183223	0.000000	0.000000	219.183223	0.000000	0.000000	0.000000	0.000000	0.000000	0.000000
48.600000	221.009566	221.009566	0.000000	0.000000	221.009566	0.000000	0.000000	0.000000	0.000000	0.000000	0.000000
48.800000	222.843121	222.843121	0.000000	0.000000	222.843121	0.000000	0.000000	0.000000	0.000000	0.000000	0.000000
49.000000	224.683883	224.683883	0.000000	0.000000	224.683883	0.000000	0.000000	0.000000	0.000000	0.000000	0.000000
49.200000	226.531805	226.531805	0.000000	0.000000	226.531805	0.000000	0.000000	0.000000	0.000000	0.000000	0.000000
49.400000	228.386878	228.386878	0.000000	0.000000	228.386878	0.000000	0.000000	0.000000	0.000000	0.000000	0.000000
49.600000	230.249102	230.249102	0.000000	0.000000	230.249102	0.000000	0.000000	0.000000	0.000000	0.000000	0.000000
49.800000	232.118505	232.118505	0.000000	0.000000	232.118505	0.000000	0.000000	0.000000	0.000000	0.000000	0.000000
50.000000	233.995033	233.995033	0.000000	0.000000	233.995033	0.000000	0.000000	0.000000	0.000000	0.000000	0.000000
50.200000	235.878622	235.878622	0.000000	0.000000	235.878622	0.000000	0.000000	0.000000	0.000000	0.000000	0.000000
50.400000	237.769424	237.769424	0.000000	0.000000	237.769424	0.000000	0.000000	0.000000	0.000000	0.000000	0.000000
50.600000	239.667244	239.667244	0.000000	0.000000	239.667244	0.000000	0.000000	0.000000	0.000000	0.000000	0.000000
50.800000	241.572147	241.572147	0.000000	0.000000	241.572147	0.000000	0.000000	0.000000	0.000000	0.000000	0.000000
51.000000	243.484156	243.484156	0.000000	0.000000	243.484156	0.000000	0.000000	0.000000	0.000000	0.000000	0.000000
51.200000	245.403211	245.403211	0.000000	0.000000	245.403211	0.000000	0.000000	0.000000	0.000000	0.000000	0.000000
51.400000	247.329292	247.329292	0.000000	0.000000	247.329292	0.000000	0.000000	0.000000	0.000000	0.000000	0.000000
51.600000	249.262404	249.262404	0.000000	0.000000	249.262404	0.000000	0.000000	0.000000	0.000000	0.000000	0.000000
51.800000	251.202562	251.202562	0.000000	0.000000	251.202562	0.000000	0.000000	0.000000	0.000000	0.000000	0.000000
52.000000	253.149709	253.149709	0.000000	0.000000	253.149709	0.000000	0.000000	0.000000	0.000000	0.000000	0.000000
52.200000	255.103923	255.103923	0.000000	0.000000	255.103923	0.000000	0.000000	0.000000	0.000000	0.000000	0.000000
52.400000	257.065040	257.065040	0.000000	0.000000	257.065040	0.000000	0.000000	0.000000	0.000000	0.000000	0.000000
52.600000	259.033163	259.033163	0.000000	0.000000	259.033163	0.000000	0.000000	0.000000	0.000000	0.000000	0.000000
52.800000	261.008225	261.008225	0.000000	0.000000	261.008225	0.000000	0.000000	0.000000	0.000000	0.000000	0.000000
53.000000	262.990232	262.990232	0.000000	0.000000	262.990232	0.000000	0.000000	0.000000	0.000000	0.000000	0.000000
53.200000	264.979161	264.979161	0.000000	0.000000	264.979161	0.000000	0.000000	0.000000	0.000000	0.000000	0.000000
53.400000	266.975010	266.975010	0.000000	0.000000	266.975010	0.000000	0.000000	0.000000	0.000000	0.000000	0.000000
53.600000	268.977788	268.977788	0.000000	0.000000	268.977788	0.000000	0.000000	0.000000	0.000000	0.000000	0.000000
53.800000	270.987436	270.987436	0.000000	0.000000	270.987436	0.000000	0.000000	0.000000	0.000000	0.000000	0.000000
54.000000	273.003965	273.003965	0.000000	0.000000	273.003965	0.000000	0.000000	0.000000	0.000000	0.000000	0.000000
54.200000	275.027338	275.027338	0.000000	0.000000	275.027338	0.000000	0.000000	0.000000	0.000000	0.000000	0.000000
54.400000	277.057583	277.057583	0.000000	0.000000	277.057583	0.000000	0.000000	0.000000	0.000000	0.000000	0.000000
54.600000	279.094638	279.094638	0.000000	0.000000	279.094638	0.000000	0.000000	0.000000	0.000000	0.000000	0.000000
54.800000	281.138530	281.138530	0.000000	0.000000	281.138530	0.000000	0.000000	0.000000	0.000000	0.000000	0.000000
55.000000	283.189248	283.189248	0.000000	0.000000	283.189248	0.000000	0.000000	0.000000	0.000000	0.000000	0.000000
55.200000	285.246678	285.246678	0.000000	0.000000	285.246678	0.000000	0.000000	0.000000	0.000000	0.000000	0.000000
55.400000	287.310930	287.310930	0.000000	0.000000	287.310930	0.000000	0.000000	0.000000	0.000000	0.000000	0.000000
55.600000	289.381968	289.381968	0.000000	0.000000	289.381968	0.000000	0.000000	0.000000	0.000000	0.000000	0.000000
55.800000	291.459742	291.459742	0.000000	0.000000	291.459742	0.000000	0.000000	0.000000	0.000000	0.000000	0.000000
56.000000	293.544232	293.544232	0.000000	0.000000	293.544232	0.000000	0.000000	0.000000	0.000000	0.000000	0.000000
56.200000	295.635426	295.635426	0.000000	0.000000	295.635426	0.000000	0.000000	0.000000	0.000000	0.000000	0.000000
56.400000	297.733315	297.733315	0.000000	0.000000	297.733315	0.000000	0.000000	0.000000	0.000000	0.000000	0.000000
56.600000	299.837893	299.837893	0.000000	0.000000	299.837893	0.000000	0.000000	0.000000	0.000000	0.000000	0.000000
56.800000	301.949167	301.949167	0.000000	0.000000	301.949167	0.000000	0.000000	0.000000	0.000000	0.000000	0.000000
57.000000	304.067091	304.067091	0.000000	0.000000	304.067091	0.000000	0.000000	0.000000	0.000000	0.000000	0.000000
57.200000	306.191651	306.191651	0.000000	0.000000	306.191651	0.000000	0.000000	0.000000	0.000000	0.000000	0.000000
57.400000	308.322841	308.322841	0.000000	0.000000	308.322841	0.000000	0.000000	0.000000	0.000000	0.000000	0.000000
57.600000	310.460597	310.460597	0.000000	0.000000	310.460597	0.000000	0.000000	0.000000	0.000000	0.000000	0.000000
57.800000	312.604949	312.604949	0.000000	0.000000	312.604949	0.000000	0.000000	0.000000	0.000000	0.000000	0.000000
58.000000	314.755887	314.755887	0.000000	0.000000	314.755887	0.000000	0.000000	0.000000	0.000000	0.000000	0.000000
58.200000	316.913398	316.913398	0.000000	0.000000	316.913398	0.000000	0.000000	0.000000	0.000000	0.000000	0.000000
58.400000	319.077437	319.077437	0.000000	0.000000	319.077437	0.000000	0.000000	0.000000	0.000000	0.000000	0.000000
58.600000	321.248014	321.248014	0.000000	0.000000	321.248014	0.000000	0.000000	0.000000	0.000000	0.000000	0.000000
58.800000	323.425060	323.425060	0.000000	0.000000	323.425060	0.000000	0.000000	0.000000	0.000000	0.000000	0.000000
59.000000	325.608637	325.608637	0.000000	0.000000	325.608637	0.000000	0.000000	0.000000	0.000000	0.000000	0.000000
59.200000	327.798675	327.798675	0.000000	0.000000	327.798675	0.000000	0.000000	0.000000	0.000000	0.000000	0.000000
59.400000	329.995143	329.995143	0.000000	0.000000	329.995143	0.000000	0.000000	0.000000	0.000000	0.000000	0.000000
59.600000	332.198074	332.198074	0.000000	0.000000	332.198074	0.000000	0.000000	0.000000	0.000000	0.000000	0.000000
59.800000	334.407449	334.407449	0.000000	0.000000	334.407449	0.000000	0.000000	0.000000	0.000000	0.000000	0.000000
60.000000	336.623224	336.623224	0.000000	0.000000	336.623224	0.000000	0.000000	0.000000	0.000000	0.000000	0.000000
