"Angle"	"Energy kJ/mol"	"BondedTermsEnergy"	"NonBondedTermsEnergy"	"BondStretchEnergy"	"AngleStretchEnergy"	"TorsionEnergy"	"OutOfPlaneEnergy"	"DispersionEnergy"	"ElectrostaticEnergy"	"NonBondedEnergyC"	"NonBondedEnergyD"
-60.000000	472.469682	378.277298	94.192384	10.923302	384.771896	-17.417900	0.000000	94.192384	0.000000	0.000000	0.000000
-59.800000	466.919665	376.158744	90.760920	10.923287	382.627062	-17.391605	0.000000	90.760920	0.000000	0.000000	0.000000
-59.600000	461.497366	374.044030	87.453336	10.923280	380.486898	-17.366147	0.000000	87.453336	0.000000	0.000000	0.000000
-59.400000	456.198188	371.933081	84.265107	10.923296	378.351317	-17.341532	0.000000	84.265107	0.000000	0.000000	0.000000
-59.200000	451.017974	369.825907	81.192067	10.923295	376.220377	-17.317765	0.000000	81.192067	0.000000	0.000000	0.000000
-59.000000	445.952511	367.722471	78.230040	10.923298	374.094022	-17.294850	0.000000	78.230040	0.000000	0.000000	0.000000
-58.800000	440.997851	365.622769	75.375082	10.923298	371.972263	-17.272792	0.000000	75.375082	0.000000	0.000000	0.000000
-58.600000	436.150202	363.526814	72.623388	10.923296	369.855115	-17.251597	0.000000	72.623388	0.000000	0.000000	0.000000
-58.400000	431.405604	361.434487	69.971116	10.923296	367.742459	-17.231268	0.000000	69.971116	0.000000	0.000000	0.000000
-58.200000	426.760768	359.345910	67.414858	10.923302	365.634418	-17.211810	0.000000	67.414858	0.000000	0.000000	0.000000
-58.000000	422.212030	357.260966	64.951065	10.923284	363.530909	-17.193227	0.000000	64.951065	0.000000	0.000000	0.000000
-57.800000	417.756224	355.179748	62.576477	10.923294	361.431977	-17.175523	0.000000	62.576477	0.000000	0.000000	0.000000
-57.600000	413.389900	353.102127	60.287773	10.923306	359.337523	-17.158702	0.000000	60.287773	0.000000	0.000000	0.000000
-57.400000	409.110119	351.028163	58.081957	10.923290	357.247639	-17.142766	0.000000	58.081957	0.000000	0.000000	0.000000
-57.200000	404.913888	348.957870	55.956018	10.923292	355.162299	-17.127721	0.000000	55.956018	0.000000	0.000000	0.000000
-57.000000	400.798309	346.891239	53.907070	10.923306	353.081502	-17.113568	0.000000	53.907070	0.000000	0.000000	0.000000
-56.800000	396.760396	344.828146	51.932249	10.923295	351.005162	-17.100311	0.000000	51.932249	0.000000	0.000000	0.000000
-56.600000	392.797720	342.768743	50.028977	10.923310	348.933386	-17.087952	0.000000	50.028977	0.000000	0.000000	0.000000
-56.400000	388.907512	340.712911	48.194601	10.923300	346.866107	-17.076495	0.000000	48.194601	0.000000	0.000000	0.000000
-56.200000	385.087319	338.660687	46.426632	10.923298	344.803330	-17.065942	0.000000	46.426632	0.000000	0.000000	0.000000
-56.000000	381.334729	336.612067	44.722662	10.923306	342.745055	-17.056294	0.000000	44.722662	0.000000	0.000000	0.000000
-55.800000	377.647290	334.566970	43.080320	10.923304	340.691221	-17.047554	0.000000	43.080320	0.000000	0.000000	0.000000
-55.600000	374.022946	332.525502	41.497444	10.923306	338.641921	-17.039725	0.000000	41.497444	0.000000	0.000000	0.000000
-55.400000	370.459454	330.487612	39.971841	10.923304	336.597115	-17.032806	0.000000	39.971841	0.000000	0.000000	0.000000
-55.200000	366.954669	328.453270	38.501399	10.923311	334.556760	-17.026801	0.000000	38.501399	0.000000	0.000000	0.000000
-55.000000	363.506663	326.422513	37.084150	10.923311	332.520912	-17.021710	0.000000	37.084150	0.000000	0.000000	0.000000
-54.800000	360.113454	324.395318	35.718136	10.923314	330.489538	-17.017535	0.000000	35.718136	0.000000	0.000000	0.000000
-54.600000	356.773171	322.371666	34.401505	10.923285	328.462656	-17.014275	0.000000	34.401505	0.000000	0.000000	0.000000
-54.400000	353.484039	320.351606	33.132433	10.923308	326.440231	-17.011933	0.000000	33.132433	0.000000	0.000000	0.000000
-54.200000	350.244288	318.335085	31.909203	10.923308	324.422285	-17.010508	0.000000	31.909203	0.000000	0.000000	0.000000
-54.000000	347.052296	316.322141	30.730155	10.923306	322.408837	-17.010001	0.000000	30.730155	0.000000	0.000000	0.000000
-53.800000	343.906411	314.312746	29.593665	10.923289	320.399869	-17.010412	0.000000	29.593665	0.000000	0.000000	0.000000
-53.600000	340.805084	312.306918	28.498167	10.923306	318.395353	-17.011741	0.000000	28.498167	0.000000	0.000000	0.000000
-53.400000	337.746781	310.304616	27.442165	10.923314	316.395290	-17.013988	0.000000	27.442165	0.000000	0.000000	0.000000
-53.200000	334.730146	308.305891	26.424255	10.923293	314.399749	-17.017151	0.000000	26.424255	0.000000	0.000000	0.000000
-53.000000	331.753759	306.310745	25.443014	10.923308	312.408669	-17.021231	0.000000	25.443014	0.000000	0.000000	0.000000
-52.800000	328.816279	304.319157	24.497121	10.923299	310.422085	-17.026226	0.000000	24.497121	0.000000	0.000000	0.000000
-52.600000	325.916402	302.331133	23.585269	10.923307	308.439962	-17.032137	0.000000	23.585269	0.000000	0.000000	0.000000
-52.400000	323.052857	300.346644	22.706213	10.923309	306.462295	-17.038960	0.000000	22.706213	0.000000	0.000000	0.000000
-52.200000	320.224573	298.365782	21.858791	10.923310	304.489167	-17.046695	0.000000	21.858791	0.000000	0.000000	0.000000
-52.000000	317.430246	296.388435	21.041811	10.923289	302.520487	-17.055340	0.000000	21.041811	0.000000	0.000000	0.000000
-51.800000	314.668923	294.414738	20.254185	10.923310	300.556322	-17.064894	0.000000	20.254185	0.000000	0.000000	0.000000
-51.600000	311.939399	292.444577	19.494823	10.923316	298.596615	-17.075354	0.000000	19.494823	0.000000	0.000000	0.000000
-51.400000	309.240784	290.478059	18.762725	10.923318	296.641459	-17.086718	0.000000	18.762725	0.000000	0.000000	0.000000
-51.200000	306.571996	288.515119	18.056877	10.923306	294.690797	-17.098984	0.000000	18.056877	0.000000	0.000000	0.000000
-51.000000	303.932107	286.555791	17.376316	10.923315	292.744625	-17.112149	0.000000	17.376316	0.000000	0.000000	0.000000
-50.800000	301.320200	284.600065	16.720136	10.923293	290.802981	-17.126210	0.000000	16.720136	0.000000	0.000000	0.000000
-50.600000	298.735426	282.647991	16.087435	10.923313	288.865843	-17.141165	0.000000	16.087435	0.000000	0.000000	0.000000
-50.400000	296.176888	280.699520	15.477367	10.923297	286.933232	-17.157009	0.000000	15.477367	0.000000	0.000000	0.000000
-50.200000	293.643816	278.754707	14.889109	10.923288	285.005160	-17.173741	0.000000	14.889109	0.000000	0.000000	0.000000
-50.000000	291.135426	276.813563	14.321863	10.923296	283.081623	-17.191356	0.000000	14.321863	0.000000	0.000000	0.000000
-49.800000	288.650978	274.876107	13.774870	10.923310	281.162648	-17.209850	0.000000	13.774870	0.000000	0.000000	0.000000
-49.600000	286.189608	272.942231	13.247377	10.923285	279.248167	-17.229221	0.000000	13.247377	0.000000	0.000000	0.000000
-49.400000	283.750843	271.012145	12.738699	10.923313	277.338294	-17.249462	0.000000	12.738699	0.000000	0.000000	0.000000
-49.200000	281.333847	269.085710	12.248136	10.923316	275.432966	-17.270572	0.000000	12.248136	0.000000	0.000000	0.000000
-49.000000	278.938030	267.162987	11.775043	10.923300	273.532231	-17.292544	0.000000	11.775043	0.000000	0.000000	0.000000
-48.800000	276.562770	265.243997	11.318773	10.923309	271.636062	-17.315374	0.000000	11.318773	0.000000	0.000000	0.000000
-48.600000	274.207475	263.328748	10.878727	10.923301	269.744505	-17.339058	0.000000	10.878727	0.000000	0.000000	0.000000
-48.400000	271.871586	261.417273	10.454313	10.923307	267.857557	-17.363590	0.000000	10.454313	0.000000	0.000000	0.000000
-48.200000	269.554479	259.509524	10.044955	10.923311	265.975180	-17.388967	0.000000	10.044955	0.000000	0.000000	0.000000
-48.000000	267.255669	257.605550	9.650119	10.923294	264.097437	-17.415181	0.000000	9.650119	0.000000	0.000000	0.000000
-47.800000	264.974716	255.705433	9.269284	10.923300	262.224359	-17.442227	0.000000	9.269284	0.000000	0.000000	0.000000
-47.600000	262.711013	253.809086	8.901927	10.923306	260.355881	-17.470101	0.000000	8.901927	0.000000	0.000000	0.000000
-47.400000	260.464119	251.916549	8.547571	10.923297	258.492048	-17.498797	0.000000	8.547571	0.000000	0.000000	0.000000
-47.200000	258.233659	250.027910	8.205749	10.923308	256.632909	-17.528307	0.000000	8.205749	0.000000	0.000000	0.000000
-47.000000	256.019149	248.143137	7.876012	10.923293	254.778470	-17.558626	0.000000	7.876012	0.000000	0.000000	0.000000
-46.800000	253.820081	246.262180	7.557901	10.923298	252.928631	-17.589749	0.000000	7.557901	0.000000	0.000000	0.000000
-46.600000	251.636252	244.385225	7.251026	10.923316	251.083577	-17.621668	0.000000	7.251026	0.000000	0.000000	0.000000
-46.400000	249.467074	242.512111	6.954964	10.923305	249.243182	-17.654377	0.000000	6.954964	0.000000	0.000000	0.000000
-46.200000	247.312309	240.642973	6.669336	10.923293	247.407548	-17.687868	0.000000	6.669336	0.000000	0.000000	0.000000
-46.000000	245.171525	238.777771	6.393755	10.923304	245.576604	-17.722137	0.000000	6.393755	0.000000	0.000000	0.000000
-45.800000	243.044472	236.916598	6.127874	10.923309	243.750464	-17.757174	0.000000	6.127874	0.000000	0.000000	0.000000
-45.600000	240.930730	235.059396	5.871334	10.923312	241.929058	-17.792974	0.000000	5.871334	0.000000	0.000000	0.000000
-45.400000	238.830011	233.206208	5.623803	10.923308	240.112429	-17.829529	0.000000	5.623803	0.000000	0.000000	0.000000
-45.200000	236.742029	231.357068	5.384961	10.923294	238.300604	-17.866831	0.000000	5.384961	0.000000	0.000000	0.000000
-45.000000	234.666484	229.511993	5.154492	10.923288	236.493577	-17.904872	0.000000	5.154492	0.000000	0.000000	0.000000
-44.800000	232.603145	227.671044	4.932100	10.923295	234.691395	-17.943646	0.000000	4.932100	0.000000	0.000000	0.000000
-44.600000	230.551696	225.834205	4.717491	10.923327	232.894021	-17.983144	0.000000	4.717491	0.000000	0.000000	0.000000
-44.400000	228.511861	224.001468	4.510393	10.923311	231.101515	-18.023358	0.000000	4.510393	0.000000	0.000000	0.000000
-44.200000	226.483430	222.172896	4.310534	10.923306	229.313870	-18.064280	0.000000	4.310534	0.000000	0.000000	0.000000
-44.000000	224.466204	220.348544	4.117659	10.923305	227.531141	-18.105901	0.000000	4.117659	0.000000	0.000000	0.000000
-43.800000	222.459881	218.528366	3.931514	10.923299	225.753282	-18.148215	0.000000	3.931514	0.000000	0.000000	0.000000
-43.600000	220.464319	216.712456	3.751863	10.923314	223.980354	-18.191212	0.000000	3.751863	0.000000	0.000000	0.000000
-43.400000	218.479226	214.900755	3.578471	10.923311	222.212328	-18.234884	0.000000	3.578471	0.000000	0.000000	0.000000
-43.200000	216.504538	213.093414	3.411124	10.923314	220.449320	-18.279220	0.000000	3.411124	0.000000	0.000000	0.000000
-43.000000	214.539909	211.290311	3.249598	10.923296	218.691229	-18.324214	0.000000	3.249598	0.000000	0.000000	0.000000
-42.800000	212.585271	209.491581	3.093690	10.923291	216.938146	-18.369856	0.000000	3.093690	0.000000	0.000000	0.000000
-42.600000	210.640459	207.697256	2.943202	10.923308	215.190085	-18.416137	0.000000	2.943202	0.000000	0.000000	0.000000
-42.400000	208.705215	205.907276	2.797939	10.923306	213.447018	-18.463048	0.000000	2.797939	0.000000	0.000000	0.000000
-42.200000	206.779457	204.121738	2.657718	10.923309	211.709009	-18.510580	0.000000	2.657718	0.000000	0.000000	0.000000
-42.000000	204.863032	202.340667	2.522365	10.923287	209.976102	-18.558722	0.000000	2.522365	0.000000	0.000000	0.000000
-41.800000	202.955768	200.564069	2.391699	10.923305	208.248232	-18.607468	0.000000	2.391699	0.000000	0.000000	0.000000
-41.600000	201.057536	198.791976	2.265560	10.923301	206.525481	-18.656806	0.000000	2.265560	0.000000	0.000000	0.000000
-41.400000	199.168209	197.024423	2.143787	10.923306	204.807843	-18.706727	0.000000	2.143787	0.000000	0.000000	0.000000
-41.200000	197.287682	195.261455	2.026228	10.923308	203.095367	-18.757220	0.000000	2.026228	0.000000	0.000000	0.000000
-41.000000	195.415797	193.503065	1.912732	10.923298	201.388044	-18.808278	0.000000	1.912732	0.000000	0.000000	0.000000
-40.800000	193.552447	191.749290	1.803157	10.923288	199.685892	-18.859890	0.000000	1.803157	0.000000	0.000000	0.000000
-40.600000	191.697578	190.000212	1.697366	10.923307	197.988951	-18.912046	0.000000	1.697366	0.000000	0.000000	0.000000
-40.400000	189.851034	188.255807	1.595226	10.923299	196.297244	-18.964735	0.000000	1.595226	0.000000	0.000000	0.000000
-40.200000	188.012741	186.516133	1.496608	10.923305	194.610776	-19.017948	0.000000	1.496608	0.000000	0.000000	0.000000
-40.000000	186.182639	184.781248	1.401391	10.923317	192.929605	-19.071675	0.000000	1.401391	0.000000	0.000000	0.000000
-39.800000	184.360540	183.051087	1.309454	10.923300	191.253693	-19.125906	0.000000	1.309454	0.000000	0.000000	0.000000
-39.600000	182.546454	181.325772	1.220682	10.923293	189.583109	-19.180630	0.000000	1.220682	0.000000	0.000000	0.000000
-39.400000	180.740282	179.605317	1.134965	10.923297	187.917857	-19.235837	0.000000	1.134965	0.000000	0.000000	0.000000
-39.200000	178.941966	177.889769	1.052197	10.923304	186.257982	-19.291517	0.000000	1.052197	0.000000	0.000000	0.000000
-39.000000	177.151382	176.179108	0.972274	10.923312	184.603456	-19.347660	0.000000	0.972274	0.000000	0.000000	0.000000
-38.800000	175.368502	174.473405	0.895097	10.923312	182.954347	-19.404254	0.000000	0.895097	0.000000	0.000000	0.000000
-38.600000	173.593258	172.772686	0.820572	10.923309	181.310668	-19.461291	0.000000	0.820572	0.000000	0.000000	0.000000
-38.400000	171.825595	171.076989	0.748605	10.923309	179.672439	-19.518758	0.000000	0.748605	0.000000	0.000000	0.000000
-38.200000	170.065467	169.386359	0.679109	10.923309	178.039695	-19.576645	0.000000	0.679109	0.000000	0.000000	0.000000
-38.000000	168.312809	167.700812	0.611996	10.923316	176.412440	-19.634943	0.000000	0.611996	0.000000	0.000000	0.000000
-37.800000	166.567562	166.020376	0.547186	10.923302	174.790714	-19.693640	0.000000	0.547186	0.000000	0.000000	0.000000
-37.600000	164.829701	164.345104	0.484597	10.923294	173.174536	-19.752726	0.000000	0.484597	0.000000	0.000000	0.000000
-37.400000	163.099207	162.675054	0.424153	10.923308	171.563935	-19.812189	0.000000	0.424153	0.000000	0.000000	0.000000
-37.200000	161.375954	161.010176	0.365779	10.923296	169.958901	-19.872021	0.000000	0.365779	0.000000	0.000000	0.000000
-37.000000	159.660032	159.350628	0.309404	10.923314	168.359522	-19.932209	0.000000	0.309404	0.000000	0.000000	0.000000
-36.800000	157.951333	157.696371	0.254962	10.923303	166.765810	-19.992741	0.000000	0.254962	0.000000	0.000000	0.000000
-36.600000	156.249826	156.047445	0.202381	10.923318	165.177737	-20.053610	0.000000	0.202381	0.000000	0.000000	0.000000
-36.400000	154.555453	154.403852	0.151601	10.923297	163.595358	-20.114803	0.000000	0.151601	0.000000	0.000000	0.000000
-36.200000	152.868263	152.765705	0.102558	10.923299	162.018716	-20.176310	0.000000	0.102558	0.000000	0.000000	0.000000
-36.000000	151.188214	151.133021	0.055193	10.923317	160.447823	-20.238119	0.000000	0.055193	0.000000	0.000000	0.000000
-35.800000	149.515257	149.505808	0.009449	10.923302	158.882726	-20.300220	0.000000	0.009449	0.000000	0.000000	0.000000
-35.600000	147.849393	147.884125	-0.034731	10.923305	157.323421	-20.362602	0.000000	-0.034731	0.000000	0.000000	0.000000
-35.400000	146.190578	146.267978	-0.077400	10.923289	155.769943	-20.425255	0.000000	-0.077400	0.000000	0.000000	0.000000
-35.200000	144.538856	144.657466	-0.118610	10.923317	154.222316	-20.488167	0.000000	-0.118610	0.000000	0.000000	0.000000
-35.000000	142.894159	143.052569	-0.158410	10.923305	152.680592	-20.551328	0.000000	-0.158410	0.000000	0.000000	0.000000
-34.800000	141.256494	141.453343	-0.196848	10.923299	151.144771	-20.614727	0.000000	-0.196848	0.000000	0.000000	0.000000
-34.600000	139.625864	139.859837	-0.233973	10.923302	149.614889	-20.678353	0.000000	-0.233973	0.000000	0.000000	0.000000
-34.400000	138.002250	138.272077	-0.269828	10.923321	148.090953	-20.742197	0.000000	-0.269828	0.000000	0.000000	0.000000
-34.200000	136.385655	136.690110	-0.304455	10.923308	146.573047	-20.806245	0.000000	-0.304455	0.000000	0.000000	0.000000
-34.000000	134.776053	135.113952	-0.337899	10.923306	145.061135	-20.870489	0.000000	-0.337899	0.000000	0.000000	0.000000
-33.800000	133.173496	133.543694	-0.370197	10.923320	143.555291	-20.934917	0.000000	-0.370197	0.000000	0.000000	0.000000
-33.600000	131.577922	131.979312	-0.401390	10.923310	142.055521	-20.999519	0.000000	-0.401390	0.000000	0.000000	0.000000
-33.400000	129.989381	130.420897	-0.431516	10.923325	140.561856	-21.064284	0.000000	-0.431516	0.000000	0.000000	0.000000
-33.200000	128.407827	128.868436	-0.460609	10.923307	139.074331	-21.129202	0.000000	-0.460609	0.000000	0.000000	0.000000
-33.000000	126.833269	127.321976	-0.488707	10.923295	137.592943	-21.194262	0.000000	-0.488707	0.000000	0.000000	0.000000
-32.800000	125.265785	125.781626	-0.515841	10.923295	136.117783	-21.259452	0.000000	-0.515841	0.000000	0.000000	0.000000
-32.600000	123.705294	124.247338	-0.542045	10.923282	134.648820	-21.324764	0.000000	-0.542045	0.000000	0.000000	0.000000
-32.400000	122.151872	122.719222	-0.567351	10.923314	133.186095	-21.390187	0.000000	-0.567351	0.000000	0.000000	0.000000
-32.200000	120.605477	121.197264	-0.591787	10.923300	131.729673	-21.455708	0.000000	-0.591787	0.000000	0.000000	0.000000
-32.000000	119.066154	119.681539	-0.615385	10.923301	130.279558	-21.521320	0.000000	-0.615385	0.000000	0.000000	0.000000
-31.800000	117.533900	118.172072	-0.638173	10.923309	128.835773	-21.587010	0.000000	-0.638173	0.000000	0.000000	0.000000
-31.600000	116.008720	116.668896	-0.660176	10.923304	127.398362	-21.652770	0.000000	-0.660176	0.000000	0.000000	0.000000
-31.400000	114.490620	115.172044	-0.681424	10.923306	125.967326	-21.718588	0.000000	-0.681424	0.000000	0.000000	0.000000
-31.200000	112.979663	113.681602	-0.701939	10.923313	124.542744	-21.784454	0.000000	-0.701939	0.000000	0.000000	0.000000
-31.000000	111.475814	112.197561	-0.721748	10.923300	123.124620	-21.850359	0.000000	-0.721748	0.000000	0.000000	0.000000
-30.800000	109.979104	110.719977	-0.740874	10.923295	121.712974	-21.916291	0.000000	-0.740874	0.000000	0.000000	0.000000
-30.600000	108.489566	109.248906	-0.759340	10.923304	120.307844	-21.982242	0.000000	-0.759340	0.000000	0.000000	0.000000
-30.400000	107.007171	107.784339	-0.777168	10.923291	118.909249	-22.048201	0.000000	-0.777168	0.000000	0.000000	0.000000
-30.200000	105.531978	106.326358	-0.794379	10.923295	117.517222	-22.114159	0.000000	-0.794379	0.000000	0.000000	0.000000
-30.000000	104.064013	104.875009	-0.810996	10.923307	116.131807	-22.180105	0.000000	-0.810996	0.000000	0.000000	0.000000
-29.800000	102.603271	103.430307	-0.827036	10.923297	114.753039	-22.246029	0.000000	-0.827036	0.000000	0.000000	0.000000
-29.600000	101.149793	101.992312	-0.842519	10.923292	113.380942	-22.311922	0.000000	-0.842519	0.000000	0.000000	0.000000
-29.400000	99.703603	100.561069	-0.857465	10.923302	112.015540	-22.377773	0.000000	-0.857465	0.000000	0.000000	0.000000
-29.200000	98.264706	99.136598	-0.871891	10.923303	110.656869	-22.443575	0.000000	-0.871891	0.000000	0.000000	0.000000
-29.000000	96.833102	97.718917	-0.885815	10.923301	109.304933	-22.509317	0.000000	-0.885815	0.000000	0.000000	0.000000
-28.800000	95.408886	96.308140	-0.899254	10.923307	107.959821	-22.574988	0.000000	-0.899254	0.000000	0.000000	0.000000
-28.600000	93.992022	94.904244	-0.912222	10.923298	106.621526	-22.640580	0.000000	-0.912222	0.000000	0.000000	0.000000
-28.400000	92.582535	93.507272	-0.924738	10.923302	105.290056	-22.706086	0.000000	-0.924738	0.000000	0.000000	0.000000
-28.200000	91.180484	92.117299	-0.936814	10.923297	103.965494	-22.771492	0.000000	-0.936814	0.000000	0.000000	0.000000
-28.000000	89.785895	90.734362	-0.948467	10.923311	102.647844	-22.836793	0.000000	-0.948467	0.000000	0.000000	0.000000
-27.800000	88.398755	89.358465	-0.959710	10.923307	101.337135	-22.901977	0.000000	-0.959710	0.000000	0.000000	0.000000
-27.600000	87.019117	87.989674	-0.970557	10.923308	100.033403	-22.967037	0.000000	-0.970557	0.000000	0.000000	0.000000
-27.400000	85.647000	86.628021	-0.981021	10.923281	98.736703	-23.031962	0.000000	-0.981021	0.000000	0.000000	0.000000
-27.200000	84.282433	85.273548	-0.991116	10.923298	97.446997	-23.096747	0.000000	-0.991116	0.000000	0.000000	0.000000
-27.000000	82.925458	83.926310	-1.000852	10.923292	96.164396	-23.161378	0.000000	-1.000852	0.000000	0.000000	0.000000
-26.800000	81.576096	82.586339	-1.010243	10.923302	94.888887	-23.225850	0.000000	-1.010243	0.000000	0.000000	0.000000
-26.600000	80.234356	81.253655	-1.019299	10.923304	93.620505	-23.290154	0.000000	-1.019299	0.000000	0.000000	0.000000
-26.400000	78.900286	79.928317	-1.028032	10.923284	92.359313	-23.354279	0.000000	-1.028032	0.000000	0.000000	0.000000
-26.200000	77.573919	78.610372	-1.036453	10.923309	91.105284	-23.418221	0.000000	-1.036453	0.000000	0.000000	0.000000
-26.000000	76.255260	77.299832	-1.044571	10.923288	89.858511	-23.481967	0.000000	-1.044571	0.000000	0.000000	0.000000
-25.800000	74.944377	75.996775	-1.052398	10.923298	88.618989	-23.545512	0.000000	-1.052398	0.000000	0.000000	0.000000
-25.600000	73.641279	74.701221	-1.059942	10.923307	87.386759	-23.608846	0.000000	-1.059942	0.000000	0.000000	0.000000
-25.400000	72.345989	73.413203	-1.067214	10.923307	86.161857	-23.671961	0.000000	-1.067214	0.000000	0.000000	0.000000
-25.200000	71.058523	72.132744	-1.074222	10.923290	84.944305	-23.734851	0.000000	-1.074222	0.000000	0.000000	0.000000
-25.000000	69.778978	70.859952	-1.080975	10.923310	83.734148	-23.797506	0.000000	-1.080975	0.000000	0.000000	0.000000
-24.800000	68.507290	69.594771	-1.087481	10.923294	82.531396	-23.859919	0.000000	-1.087481	0.000000	0.000000	0.000000
-24.600000	67.243585	68.337334	-1.093749	10.923310	81.336106	-23.922082	0.000000	-1.093749	0.000000	0.000000	0.000000
-24.400000	65.987836	67.087623	-1.099786	10.923296	80.148313	-23.983987	0.000000	-1.099786	0.000000	0.000000	0.000000
-24.200000	64.740090	65.845691	-1.105601	10.923295	78.968023	-24.045627	0.000000	-1.105601	0.000000	0.000000	0.000000
-24.000000	63.500370	64.611571	-1.111200	10.923297	77.795269	-24.106996	0.000000	-1.111200	0.000000	0.000000	0.000000
-23.800000	62.268729	63.385321	-1.116592	10.923283	76.630121	-24.168084	0.000000	-1.116592	0.000000	0.000000	0.000000
-23.600000	61.045202	62.166984	-1.121782	10.923309	75.472561	-24.228886	0.000000	-1.121782	0.000000	0.000000	0.000000
-23.400000	59.829781	60.956559	-1.126777	10.923300	74.322652	-24.289393	0.000000	-1.126777	0.000000	0.000000	0.000000
-23.200000	58.622536	59.754121	-1.131585	10.923291	73.180429	-24.349599	0.000000	-1.131585	0.000000	0.000000	0.000000
-23.000000	57.423493	58.559703	-1.136211	10.923299	72.045901	-24.409497	0.000000	-1.136211	0.000000	0.000000	0.000000
-22.800000	56.232684	57.373345	-1.140661	10.923316	70.919109	-24.469081	0.000000	-1.140661	0.000000	0.000000	0.000000
-22.600000	55.050100	56.195041	-1.144941	10.923284	69.800099	-24.528342	0.000000	-1.144941	0.000000	0.000000	0.000000
-22.400000	53.875854	55.024911	-1.149057	10.923296	68.688890	-24.587275	0.000000	-1.149057	0.000000	0.000000	0.000000
-22.200000	52.709910	53.862924	-1.153014	10.923301	67.585497	-24.645874	0.000000	-1.153014	0.000000	0.000000	0.000000
-22.000000	51.552328	52.709146	-1.156818	10.923300	66.489977	-24.704131	0.000000	-1.156818	0.000000	0.000000	0.000000
-21.800000	50.403153	51.563626	-1.160473	10.923295	65.402372	-24.762040	0.000000	-1.160473	0.000000	0.000000	0.000000
-21.600000	49.262418	50.426403	-1.163985	10.923318	64.322682	-24.819596	0.000000	-1.163985	0.000000	0.000000	0.000000
-21.400000	48.130118	49.297477	-1.167359	10.923310	63.250959	-24.876792	0.000000	-1.167359	0.000000	0.000000	0.000000
-21.200000	47.006318	48.176916	-1.170598	10.923307	62.187231	-24.933621	0.000000	-1.170598	0.000000	0.000000	0.000000
-21.000000	45.891050	47.064759	-1.173708	10.923308	61.131530	-24.990079	0.000000	-1.173708	0.000000	0.000000	0.000000
-20.800000	44.784346	45.961039	-1.176693	10.923305	60.083892	-25.046158	0.000000	-1.176693	0.000000	0.000000	0.000000
-20.600000	43.686223	44.865780	-1.179558	10.923288	59.044345	-25.101853	0.000000	-1.179558	0.000000	0.000000	0.000000
-20.400000	42.596740	43.779045	-1.182305	10.923294	58.012911	-25.157160	0.000000	-1.182305	0.000000	0.000000	0.000000
-20.200000	41.515924	42.700864	-1.184939	10.923312	56.989623	-25.212071	0.000000	-1.184939	0.000000	0.000000	0.000000
-20.000000	40.443782	41.631247	-1.187465	10.923302	55.974527	-25.266583	0.000000	-1.187465	0.000000	0.000000	0.000000
-19.800000	39.380389	40.570273	-1.189885	10.923304	54.967657	-25.320688	0.000000	-1.189885	0.000000	0.000000	0.000000
-19.600000	38.325727	39.517929	-1.192203	10.923294	53.969018	-25.374383	0.000000	-1.192203	0.000000	0.000000	0.000000
-19.400000	37.279871	38.474293	-1.194422	10.923288	52.978666	-25.427661	0.000000	-1.194422	0.000000	0.000000	0.000000
-19.200000	36.242863	37.439409	-1.196547	10.923287	51.996639	-25.480517	0.000000	-1.196547	0.000000	0.000000	0.000000
-19.000000	35.214702	36.413281	-1.198579	10.923307	51.022924	-25.532949	0.000000	-1.198579	0.000000	0.000000	0.000000
-18.800000	34.195428	35.395951	-1.200523	10.923306	50.057595	-25.584950	0.000000	-1.200523	0.000000	0.000000	0.000000
-18.600000	33.185103	34.387484	-1.202381	10.923318	49.100680	-25.636514	0.000000	-1.202381	0.000000	0.000000	0.000000
-18.400000	32.183712	33.387868	-1.204156	10.923306	48.152199	-25.687638	0.000000	-1.204156	0.000000	0.000000	0.000000
-18.200000	31.191308	32.397159	-1.205851	10.923299	47.212177	-25.738317	0.000000	-1.205851	0.000000	0.000000	0.000000
-18.000000	30.207950	31.415419	-1.207469	10.923294	46.280671	-25.788546	0.000000	-1.207469	0.000000	0.000000	0.000000
-17.800000	29.233646	30.442658	-1.209012	10.923301	45.357679	-25.838323	0.000000	-1.209012	0.000000	0.000000	0.000000
-17.600000	28.268440	29.478924	-1.210483	10.923310	44.443254	-25.887640	0.000000	-1.210483	0.000000	0.000000	0.000000
-17.400000	27.312339	28.524223	-1.211885	10.923295	43.537424	-25.936496	0.000000	-1.211885	0.000000	0.000000	0.000000
-17.200000	26.365402	27.578621	-1.213219	10.923289	42.640217	-25.984885	0.000000	-1.213219	0.000000	0.000000	0.000000
-17.000000	25.427671	26.642159	-1.214488	10.923301	41.751662	-26.032804	0.000000	-1.214488	0.000000	0.000000	0.000000
-16.800000	24.499150	25.714844	-1.215695	10.923315	40.871779	-26.080249	0.000000	-1.215695	0.000000	0.000000	0.000000
-16.600000	23.579886	24.796727	-1.216841	10.923300	40.000641	-26.127215	0.000000	-1.216841	0.000000	0.000000	0.000000
-16.400000	22.669912	23.887840	-1.217928	10.923304	39.138236	-26.173700	0.000000	-1.217928	0.000000	0.000000	0.000000
-16.200000	21.769248	22.988208	-1.218960	10.923313	38.284595	-26.219700	0.000000	-1.218960	0.000000	0.000000	0.000000
-16.000000	20.877935	22.097871	-1.219937	10.923303	37.439779	-26.265211	0.000000	-1.219937	0.000000	0.000000	0.000000
-15.800000	19.996004	21.216865	-1.220861	10.923299	36.603796	-26.310230	0.000000	-1.220861	0.000000	0.000000	0.000000
-15.600000	19.123496	20.345231	-1.221735	10.923299	35.776685	-26.354753	0.000000	-1.221735	0.000000	0.000000	0.000000
-15.400000	18.260423	19.482983	-1.222560	10.923295	34.958465	-26.398778	0.000000	-1.222560	0.000000	0.000000	0.000000
-15.200000	17.406856	18.630193	-1.223338	10.923309	34.149184	-26.442300	0.000000	-1.223338	0.000000	0.000000	0.000000
-15.000000	16.562583	17.786845	-1.224261	10.923311	33.348852	-26.485318	0.000000	-1.224261	0.000000	0.000000	0.000000
-14.800000	15.727830	16.952990	-1.225160	10.923295	32.557523	-26.527828	0.000000	-1.225160	0.000000	0.000000	0.000000
-14.600000	14.902658	16.128676	-1.226018	10.923298	31.775206	-26.569827	0.000000	-1.226018	0.000000	0.000000	0.000000
-14.400000	14.087089	15.313926	-1.226837	10.923298	31.001941	-26.611312	0.000000	-1.226837	0.000000	0.000000	0.000000
-14.200000	13.281161	14.508780	-1.227619	10.923306	30.237756	-26.652281	0.000000	-1.227619	0.000000	0.000000	0.000000
-14.000000	12.484882	13.713247	-1.228365	10.923303	29.482676	-26.692732	0.000000	-1.228365	0.000000	0.000000	0.000000
-13.800000	11.698304	12.927379	-1.229075	10.923294	28.736746	-26.732661	0.000000	-1.229075	0.000000	0.000000	0.000000
-13.600000	10.921447	12.151200	-1.229752	10.923291	27.999975	-26.772066	0.000000	-1.229752	0.000000	0.000000	0.000000
-13.400000	10.154363	11.384761	-1.230397	10.923307	27.272400	-26.810946	0.000000	-1.230397	0.000000	0.000000	0.000000
-13.200000	9.397061	10.628073	-1.231012	10.923306	26.554063	-26.849297	0.000000	-1.231012	0.000000	0.000000	0.000000
-13.000000	8.649586	9.881182	-1.231596	10.923312	25.844987	-26.887117	0.000000	-1.231596	0.000000	0.000000	0.000000
-12.800000	7.911927	9.144079	-1.232152	10.923292	25.145191	-26.924404	0.000000	-1.232152	0.000000	0.000000	0.000000
-12.600000	7.184164	8.416844	-1.232680	10.923296	24.454706	-26.961158	0.000000	-1.232680	0.000000	0.000000	0.000000
-12.400000	6.466310	7.699492	-1.233182	10.923294	23.773572	-26.997374	0.000000	-1.233182	0.000000	0.000000	0.000000
-12.200000	5.758391	6.992049	-1.233658	10.923296	23.101806	-27.033053	0.000000	-1.233658	0.000000	0.000000	0.000000
-12.000000	5.060437	6.294548	-1.234111	10.923291	22.439448	-27.068191	0.000000	-1.234111	0.000000	0.000000	0.000000
-11.800000	4.372496	5.607036	-1.234539	10.923312	21.786511	-27.102788	0.000000	-1.234539	0.000000	0.000000	0.000000
-11.600000	3.694569	4.929515	-1.234946	10.923305	21.143051	-27.136840	0.000000	-1.234946	0.000000	0.000000	0.000000
-11.400000	3.026701	4.262032	-1.235331	10.923312	20.509068	-27.170348	0.000000	-1.235331	0.000000	0.000000	0.000000
-11.200000	2.368901	3.604596	-1.235695	10.923297	19.884608	-27.203310	0.000000	-1.235695	0.000000	0.000000	0.000000
-11.000000	1.721218	2.957257	-1.236040	10.923294	19.269688	-27.235724	0.000000	-1.236040	0.000000	0.000000	0.000000
-10.800000	1.083703	2.320068	-1.236365	10.923317	18.664340	-27.267590	0.000000	-1.236365	0.000000	0.000000	0.000000
-10.600000	0.456308	1.692980	-1.236673	10.923287	18.068598	-27.298905	0.000000	-1.236673	0.000000	0.000000	0.000000
-10.400000	-0.160849	1.076114	-1.236963	10.923299	17.482484	-27.329668	0.000000	-1.236963	0.000000	0.000000	0.000000
-10.200000	-0.767779	0.469458	-1.237237	10.923304	16.906033	-27.359879	0.000000	-1.237237	0.000000	0.000000	0.000000
-10.000000	-1.364476	-0.126982	-1.237494	10.923295	16.339261	-27.389538	0.000000	-1.237494	0.000000	0.000000	0.000000
-9.800000	-1.950878	-0.713142	-1.237737	10.923295	15.782205	-27.418641	0.000000	-1.237737	0.000000	0.000000	0.000000
-9.600000	-2.526946	-1.288981	-1.237965	10.923320	15.234889	-27.447190	0.000000	-1.237965	0.000000	0.000000	0.000000
-9.400000	-3.092723	-1.854544	-1.238179	10.923297	14.697342	-27.475183	0.000000	-1.238179	0.000000	0.000000	0.000000
-9.200000	-3.648108	-2.409728	-1.238380	10.923305	14.169587	-27.502620	0.000000	-1.238380	0.000000	0.000000	0.000000
-9.000000	-4.193123	-2.954555	-1.238568	10.923287	13.651657	-27.529499	0.000000	-1.238568	0.000000	0.000000	0.000000
-8.800000	-4.727695	-3.488951	-1.238745	10.923294	13.143575	-27.555821	0.000000	-1.238745	0.000000	0.000000	0.000000
-8.600000	-5.251825	-4.012916	-1.238909	10.923300	12.645368	-27.581584	0.000000	-1.238909	0.000000	0.000000	0.000000
-8.400000	-5.765476	-4.526413	-1.239063	10.923310	12.157066	-27.606789	0.000000	-1.239063	0.000000	0.000000	0.000000
-8.200000	-6.268641	-5.029435	-1.239207	10.923301	11.678699	-27.631435	0.000000	-1.239207	0.000000	0.000000	0.000000
-8.000000	-6.761285	-5.521944	-1.239341	10.923293	11.210284	-27.655522	0.000000	-1.239341	0.000000	0.000000	0.000000
-7.800000	-7.243377	-6.003912	-1.239465	10.923282	10.751855	-27.679049	0.000000	-1.239465	0.000000	0.000000	0.000000
-7.600000	-7.714866	-6.475285	-1.239580	10.923303	10.303429	-27.702017	0.000000	-1.239580	0.000000	0.000000	0.000000
-7.400000	-8.175778	-6.936091	-1.239687	10.923287	9.865047	-27.724425	0.000000	-1.239687	0.000000	0.000000	0.000000
-7.200000	-8.626039	-7.386253	-1.239786	10.923298	9.436723	-27.746274	0.000000	-1.239786	0.000000	0.000000	0.000000
-7.000000	-9.065644	-7.825766	-1.239878	10.923303	9.018492	-27.767562	0.000000	-1.239878	0.000000	0.000000	0.000000
-6.800000	-9.494579	-8.254616	-1.239962	10.923305	8.610370	-27.788291	0.000000	-1.239962	0.000000	0.000000	0.000000
-6.600000	-9.912815	-8.672776	-1.240040	10.923298	8.212388	-27.808461	0.000000	-1.240040	0.000000	0.000000	0.000000
-6.400000	-10.320315	-9.080204	-1.240111	10.923296	7.824571	-27.828072	0.000000	-1.240111	0.000000	0.000000	0.000000
-6.200000	-10.717052	-9.476875	-1.240176	10.923300	7.446948	-27.847124	0.000000	-1.240176	0.000000	0.000000	0.000000
-6.000000	-11.103008	-9.862773	-1.240236	10.923304	7.079540	-27.865617	0.000000	-1.240236	0.000000	0.000000	0.000000
-5.800000	-11.478162	-10.237872	-1.240290	10.923308	6.722372	-27.883552	0.000000	-1.240290	0.000000	0.000000	0.000000
-5.600000	-11.842489	-10.602150	-1.240339	10.923307	6.375473	-27.900929	0.000000	-1.240339	0.000000	0.000000	0.000000
-5.400000	-12.195969	-10.955586	-1.240383	10.923302	6.038862	-27.917750	0.000000	-1.240383	0.000000	0.000000	0.000000
-5.200000	-12.538574	-11.298150	-1.240424	10.923294	5.712568	-27.934013	0.000000	-1.240424	0.000000	0.000000	0.000000
-5.000000	-12.870253	-11.629793	-1.240460	10.923310	5.396618	-27.949721	0.000000	-1.240460	0.000000	0.000000	0.000000
-4.800000	-13.191042	-11.950550	-1.240492	10.923294	5.091030	-27.964873	0.000000	-1.240492	0.000000	0.000000	0.000000
-4.600000	-13.500863	-12.260342	-1.240521	10.923293	4.795836	-27.979470	0.000000	-1.240521	0.000000	0.000000	0.000000
-4.400000	-13.799716	-12.559170	-1.240546	10.923292	4.511053	-27.993514	0.000000	-1.240546	0.000000	0.000000	0.000000
-4.200000	-14.087572	-12.847003	-1.240569	10.923293	4.236708	-28.007005	0.000000	-1.240569	0.000000	0.000000	0.000000
-4.000000	-14.364410	-13.123821	-1.240589	10.923293	3.972828	-28.019943	0.000000	-1.240589	0.000000	0.000000	0.000000
-3.800000	-14.630194	-13.389588	-1.240606	10.923309	3.719433	-28.032331	0.000000	-1.240606	0.000000	0.000000	0.000000
-3.600000	-14.884930	-13.644310	-1.240620	10.923308	3.476550	-28.044168	0.000000	-1.240620	0.000000	0.000000	0.000000
-3.400000	-15.128581	-13.887948	-1.240633	10.923308	3.244199	-28.055456	0.000000	-1.240633	0.000000	0.000000	0.000000
-3.200000	-15.361120	-14.120476	-1.240644	10.923312	3.022407	-28.066195	0.000000	-1.240644	0.000000	0.000000	0.000000
-3.000000	-15.582553	-14.341901	-1.240653	10.923294	2.811194	-28.076388	0.000000	-1.240653	0.000000	0.000000	0.000000
-2.800000	-15.792810	-14.552150	-1.240660	10.923300	2.610585	-28.086035	0.000000	-1.240660	0.000000	0.000000	0.000000
-2.600000	-15.991906	-14.751240	-1.240666	10.923295	2.420602	-28.095137	0.000000	-1.240666	0.000000	0.000000	0.000000
-2.400000	-16.179789	-14.939118	-1.240671	10.923307	2.241270	-28.103696	0.000000	-1.240671	0.000000	0.000000	0.000000
-2.200000	-16.356468	-15.115793	-1.240674	10.923308	2.072611	-28.111713	0.000000	-1.240674	0.000000	0.000000	0.000000
-2.000000	-16.521924	-15.281247	-1.240677	10.923294	1.914647	-28.119189	0.000000	-1.240677	0.000000	0.000000	0.000000
-1.800000	-16.676113	-15.435434	-1.240679	10.923290	1.767401	-28.126125	0.000000	-1.240679	0.000000	0.000000	0.000000
-1.600000	-16.819007	-15.578327	-1.240680	10.923302	1.630894	-28.132524	0.000000	-1.240680	0.000000	0.000000	0.000000
-1.400000	-16.950620	-15.709939	-1.240680	10.923296	1.505151	-28.138386	0.000000	-1.240680	0.000000	0.000000	0.000000
-1.200000	-17.070895	-15.830214	-1.240680	10.923308	1.390191	-28.143714	0.000000	-1.240680	0.000000	0.000000	0.000000
-1.000000	-17.179853	-15.939173	-1.240680	10.923297	1.286038	-28.148508	0.000000	-1.240680	0.000000	0.000000	0.000000
-0.800000	-17.277432	-16.036752	-1.240680	10.923305	1.192712	-28.152770	0.000000	-1.240680	0.000000	0.000000	0.000000
-0.600000	-17.363652	-16.122973	-1.240679	10.923293	1.110236	-28.156502	0.000000	-1.240679	0.000000	0.000000	0.000000
-0.400000	-17.438452	-16.197774	-1.240678	10.923300	1.038632	-28.159705	0.000000	-1.240678	0.000000	0.000000	0.000000
-0.200000	-17.501845	-16.261168	-1.240677	10.923293	0.977921	-28.162382	0.000000	-1.240677	0.000000	0.000000	0.000000
0.000000	-17.553787	-16.313111	-1.240676	10.923299	0.928123	-28.164533	0.000000	-1.240676	0.000000	0.000000	0.000000
0.200000	-17.594271	-16.353595	-1.240675	10.923306	0.889260	-28.166161	0.000000	-1.240675	0.000000	0.000000	0.000000
0.400000	-17.623287	-16.382612	-1.240675	10.923303	0.861353	-28.167268	0.000000	-1.240675	0.000000	0.000000	0.000000
0.600000	-17.640818	-16.400143	-1.240674	10.923289	0.844423	-28.167855	0.000000	-1.240674	0.000000	0.000000	0.000000
0.800000	-17.646817	-16.406143	-1.240674	10.923292	0.838489	-28.167925	0.000000	-1.240674	0.000000	0.000000	0.000000
1.000000	-17.641281	-16.400607	-1.240674	10.923297	0.843574	-28.167478	0.000000	-1.240674	0.000000	0.000000	0.000000
1.200000	-17.624196	-16.383521	-1.240675	10.923300	0.859696	-28.166518	0.000000	-1.240675	0.000000	0.000000	0.000000
1.400000	-17.595541	-16.354865	-1.240676	10.923304	0.886877	-28.165045	0.000000	-1.240676	0.000000	0.000000	0.000000
1.600000	-17.555294	-16.314618	-1.240677	10.923310	0.925136	-28.163063	0.000000	-1.240677	0.000000	0.000000	0.000000
1.800000	-17.503466	-16.262788	-1.240678	10.923292	0.974493	-28.160573	0.000000	-1.240678	0.000000	0.000000	0.000000
2.000000	-17.439998	-16.199318	-1.240680	10.923291	1.034968	-28.157577	0.000000	-1.240680	0.000000	0.000000	0.000000
2.200000	-17.364865	-16.124184	-1.240682	10.923314	1.106580	-28.154077	0.000000	-1.240682	0.000000	0.000000	0.000000
2.400000	-17.278100	-16.037416	-1.240684	10.923310	1.189350	-28.150076	0.000000	-1.240684	0.000000	0.000000	0.000000
2.600000	-17.179671	-15.938984	-1.240687	10.923296	1.283296	-28.145575	0.000000	-1.240687	0.000000	0.000000	0.000000
2.800000	-17.069545	-15.828855	-1.240690	10.923286	1.388436	-28.140577	0.000000	-1.240690	0.000000	0.000000	0.000000
3.000000	-16.947701	-15.707008	-1.240693	10.923286	1.504791	-28.135084	0.000000	-1.240693	0.000000	0.000000	0.000000
3.200000	-16.814109	-15.573412	-1.240696	10.923306	1.632380	-28.129098	0.000000	-1.240696	0.000000	0.000000	0.000000
3.400000	-16.668799	-15.428099	-1.240700	10.923303	1.771220	-28.122622	0.000000	-1.240700	0.000000	0.000000	0.000000
3.600000	-16.511729	-15.271025	-1.240704	10.923302	1.921331	-28.115657	0.000000	-1.240704	0.000000	0.000000	0.000000
3.800000	-16.342876	-15.102168	-1.240708	10.923308	2.082730	-28.108207	0.000000	-1.240708	0.000000	0.000000	0.000000
4.000000	-16.162249	-14.921538	-1.240711	10.923297	2.255438	-28.100272	0.000000	-1.240711	0.000000	0.000000	0.000000
4.200000	-15.969812	-14.729097	-1.240715	10.923291	2.439469	-28.091857	0.000000	-1.240715	0.000000	0.000000	0.000000
4.400000	-15.765545	-14.524826	-1.240719	10.923291	2.634846	-28.082963	0.000000	-1.240719	0.000000	0.000000	0.000000
4.600000	-15.549432	-14.308710	-1.240722	10.923301	2.841581	-28.073592	0.000000	-1.240722	0.000000	0.000000	0.000000
4.800000	-15.321478	-14.080753	-1.240725	10.923298	3.059696	-28.063747	0.000000	-1.240725	0.000000	0.000000	0.000000
5.000000	-15.081636	-13.840909	-1.240728	10.923313	3.289210	-28.053431	0.000000	-1.240728	0.000000	0.000000	0.000000
5.200000	-14.829952	-13.589222	-1.240730	10.923292	3.530132	-28.042646	0.000000	-1.240730	0.000000	0.000000	0.000000
5.400000	-14.566340	-13.325608	-1.240731	10.923299	3.782487	-28.031394	0.000000	-1.240731	0.000000	0.000000	0.000000
5.600000	-14.290819	-13.050087	-1.240732	10.923300	4.046291	-28.019678	0.000000	-1.240732	0.000000	0.000000	0.000000
5.800000	-14.003364	-12.762632	-1.240732	10.923312	4.321556	-28.007501	0.000000	-1.240732	0.000000	0.000000	0.000000
6.000000	-13.703990	-12.463259	-1.240731	10.923299	4.608306	-27.994864	0.000000	-1.240731	0.000000	0.000000	0.000000
6.200000	-13.392641	-12.151913	-1.240729	10.923306	4.906552	-27.981772	0.000000	-1.240729	0.000000	0.000000	0.000000
6.400000	-13.069347	-11.828622	-1.240725	10.923292	5.216311	-27.968225	0.000000	-1.240725	0.000000	0.000000	0.000000
6.600000	-12.734049	-11.493329	-1.240720	10.923295	5.537604	-27.954227	0.000000	-1.240720	0.000000	0.000000	0.000000
6.800000	-12.386754	-11.146040	-1.240714	10.923301	5.870440	-27.939781	0.000000	-1.240714	0.000000	0.000000	0.000000
7.000000	-12.027457	-10.786751	-1.240706	10.923295	6.214843	-27.924889	0.000000	-1.240706	0.000000	0.000000	0.000000
7.200000	-11.656121	-10.415426	-1.240696	10.923304	6.570823	-27.909553	0.000000	-1.240696	0.000000	0.000000	0.000000
7.400000	-11.272779	-10.032095	-1.240683	10.923285	6.938397	-27.893778	0.000000	-1.240683	0.000000	0.000000	0.000000
7.600000	-10.877352	-9.636683	-1.240669	10.923300	7.317581	-27.877564	0.000000	-1.240669	0.000000	0.000000	0.000000
7.800000	-10.469896	-9.229244	-1.240652	10.923288	7.708383	-27.860915	0.000000	-1.240652	0.000000	0.000000	0.000000
8.000000	-10.050341	-8.809709	-1.240633	10.923290	8.110835	-27.843834	0.000000	-1.240633	0.000000	0.000000	0.000000
8.200000	-9.618699	-8.378089	-1.240610	10.923292	8.524942	-27.826323	0.000000	-1.240610	0.000000	0.000000	0.000000
8.400000	-9.174957	-7.934372	-1.240585	10.923298	8.950714	-27.808385	0.000000	-1.240585	0.000000	0.000000	0.000000
8.600000	-8.719113	-7.478557	-1.240556	10.923294	9.388173	-27.790023	0.000000	-1.240556	0.000000	0.000000	0.000000
8.800000	-8.251149	-7.010625	-1.240524	10.923287	9.837328	-27.771240	0.000000	-1.240524	0.000000	0.000000	0.000000
9.000000	-7.771019	-6.530531	-1.240488	10.923297	10.298210	-27.752038	0.000000	-1.240488	0.000000	0.000000	0.000000
9.200000	-7.278752	-6.038304	-1.240448	10.923306	10.770811	-27.732421	0.000000	-1.240448	0.000000	0.000000	0.000000
9.400000	-6.774351	-5.533947	-1.240403	10.923293	11.255150	-27.712390	0.000000	-1.240403	0.000000	0.000000	0.000000
9.600000	-6.257756	-5.017402	-1.240354	10.923301	11.751247	-27.691950	0.000000	-1.240354	0.000000	0.000000	0.000000
9.800000	-5.728995	-4.488694	-1.240301	10.923290	12.259118	-27.671103	0.000000	-1.240301	0.000000	0.000000	0.000000
10.000000	-5.188026	-3.947785	-1.240242	10.923294	12.778772	-27.649851	0.000000	-1.240242	0.000000	0.000000	0.000000
10.200000	-4.634844	-3.394667	-1.240177	10.923306	13.310225	-27.628197	0.000000	-1.240177	0.000000	0.000000	0.000000
10.400000	-4.069451	-2.829344	-1.240107	10.923312	13.853490	-27.606145	0.000000	-1.240107	0.000000	0.000000	0.000000
10.600000	-3.491860	-2.251829	-1.240031	10.923291	14.408577	-27.583698	0.000000	-1.240031	0.000000	0.000000	0.000000
10.800000	-2.901994	-1.662046	-1.239948	10.923311	14.975501	-27.560857	0.000000	-1.239948	0.000000	0.000000	0.000000
11.000000	-2.299919	-1.060060	-1.239859	10.923293	15.554275	-27.537627	0.000000	-1.239859	0.000000	0.000000	0.000000
11.200000	-1.685568	-0.445806	-1.239763	10.923297	16.144907	-27.514010	0.000000	-1.239763	0.000000	0.000000	0.000000
11.400000	-1.058941	0.180718	-1.239659	10.923296	16.747430	-27.490009	0.000000	-1.239659	0.000000	0.000000	0.000000
11.600000	-0.420049	0.819498	-1.239547	10.923296	17.361828	-27.465627	0.000000	-1.239547	0.000000	0.000000	0.000000
11.800000	0.231137	1.470564	-1.239427	10.923305	17.988126	-27.440867	0.000000	-1.239427	0.000000	0.000000	0.000000
12.000000	0.894614	2.133913	-1.239299	10.923306	18.626338	-27.415731	0.000000	-1.239299	0.000000	0.000000	0.000000
12.200000	1.570387	2.809548	-1.239162	10.923294	19.276478	-27.390224	0.000000	-1.239162	0.000000	0.000000	0.000000
12.400000	2.258481	3.497495	-1.239015	10.923283	19.938559	-27.364347	0.000000	-1.239015	0.000000	0.000000	0.000000
12.600000	2.958906	4.197764	-1.238858	10.923288	20.612580	-27.338104	0.000000	-1.238858	0.000000	0.000000	0.000000
12.800000	3.671649	4.910340	-1.238691	10.923289	21.298549	-27.311498	0.000000	-1.238691	0.000000	0.000000	0.000000
13.000000	4.396762	5.635275	-1.238513	10.923294	21.996512	-27.284532	0.000000	-1.238513	0.000000	0.000000	0.000000
13.200000	5.134218	6.372542	-1.238324	10.923310	22.706441	-27.257208	0.000000	-1.238324	0.000000	0.000000	0.000000
13.400000	5.884020	7.122143	-1.238123	10.923304	23.428369	-27.229531	0.000000	-1.238123	0.000000	0.000000	0.000000
13.600000	6.646175	7.884085	-1.237910	10.923291	24.162296	-27.201502	0.000000	-1.237910	0.000000	0.000000	0.000000
13.800000	7.420723	8.658408	-1.237684	10.923292	24.908240	-27.173125	0.000000	-1.237684	0.000000	0.000000	0.000000
14.000000	8.207668	9.445113	-1.237445	10.923312	25.666205	-27.144403	0.000000	-1.237445	0.000000	0.000000	0.000000
14.200000	9.006971	10.244163	-1.237192	10.923287	26.436215	-27.115339	0.000000	-1.237192	0.000000	0.000000	0.000000
14.400000	9.818714	11.055639	-1.236925	10.923297	27.218278	-27.085936	0.000000	-1.236925	0.000000	0.000000	0.000000
14.600000	10.642827	11.879469	-1.236643	10.923281	28.012385	-27.056197	0.000000	-1.236643	0.000000	0.000000	0.000000
14.800000	11.479386	12.715731	-1.236345	10.923294	28.818562	-27.026125	0.000000	-1.236345	0.000000	0.000000	0.000000
15.000000	12.328362	13.564393	-1.236030	10.923303	29.636812	-26.995723	0.000000	-1.236030	0.000000	0.000000	0.000000
15.200000	13.189750	14.425449	-1.235699	10.923302	30.467142	-26.964995	0.000000	-1.235699	0.000000	0.000000	0.000000
15.400000	14.063590	15.298941	-1.235351	10.923297	31.309586	-26.933942	0.000000	-1.235351	0.000000	0.000000	0.000000
15.600000	14.949867	16.184851	-1.234984	10.923299	32.164121	-26.902569	0.000000	-1.234984	0.000000	0.000000	0.000000
15.800000	15.848590	17.083189	-1.234598	10.923289	33.030778	-26.870879	0.000000	-1.234598	0.000000	0.000000	0.000000
16.000000	16.759780	17.993973	-1.234193	10.923310	33.909538	-26.838874	0.000000	-1.234193	0.000000	0.000000	0.000000
16.200000	17.683413	18.917181	-1.233767	10.923307	34.800432	-26.806558	0.000000	-1.233767	0.000000	0.000000	0.000000
16.400000	18.619527	19.852848	-1.233321	10.923301	35.703481	-26.773934	0.000000	-1.233321	0.000000	0.000000	0.000000
16.600000	19.568124	20.800976	-1.232852	10.923301	36.618678	-26.741004	0.000000	-1.232852	0.000000	0.000000	0.000000
16.800000	20.529204	21.761565	-1.232361	10.923309	37.546028	-26.707772	0.000000	-1.232361	0.000000	0.000000	0.000000
17.000000	21.502776	22.734622	-1.231846	10.923297	38.485566	-26.674240	0.000000	-1.231846	0.000000	0.000000	0.000000
17.200000	22.488810	23.720118	-1.231307	10.923289	39.437243	-26.640414	0.000000	-1.231307	0.000000	0.000000	0.000000
17.400000	23.487371	24.718114	-1.230743	10.923293	40.401115	-26.606295	0.000000	-1.230743	0.000000	0.000000	0.000000
17.600000	24.498434	25.728587	-1.230153	10.923303	41.377169	-26.571886	0.000000	-1.230153	0.000000	0.000000	0.000000
17.800000	25.522013	26.751549	-1.229535	10.923293	42.365445	-26.537189	0.000000	-1.229535	0.000000	0.000000	0.000000
18.000000	26.558093	27.786983	-1.228890	10.923279	43.365914	-26.502210	0.000000	-1.228890	0.000000	0.000000	0.000000
18.200000	27.606739	28.834955	-1.228216	10.923307	44.378598	-26.466950	0.000000	-1.228216	0.000000	0.000000	0.000000
18.400000	28.667872	29.895383	-1.227511	10.923301	45.403495	-26.431413	0.000000	-1.227511	0.000000	0.000000	0.000000
18.600000	29.741549	30.968325	-1.226776	10.923311	46.440616	-26.395602	0.000000	-1.226776	0.000000	0.000000	0.000000
18.800000	30.827756	32.053765	-1.226009	10.923311	47.489974	-26.359520	0.000000	-1.226009	0.000000	0.000000	0.000000
19.000000	31.926514	33.151722	-1.225208	10.923298	48.551594	-26.323169	0.000000	-1.225208	0.000000	0.000000	0.000000
19.200000	33.037800	34.262173	-1.224374	10.923293	49.625435	-26.286555	0.000000	-1.224374	0.000000	0.000000	0.000000
19.400000	34.161641	35.385145	-1.223504	10.923291	50.711532	-26.249679	0.000000	-1.223504	0.000000	0.000000	0.000000
19.600000	35.298045	36.520642	-1.222597	10.923297	51.809889	-26.212544	0.000000	-1.222597	0.000000	0.000000	0.000000
19.800000	36.447004	37.668656	-1.221653	10.923293	52.920516	-26.175153	0.000000	-1.221653	0.000000	0.000000	0.000000
20.000000	37.608543	38.829212	-1.220669	10.923304	54.043418	-26.137511	0.000000	-1.220669	0.000000	0.000000	0.000000
20.200000	38.782629	40.002274	-1.219645	10.923300	55.178593	-26.099619	0.000000	-1.219645	0.000000	0.000000	0.000000
20.400000	39.969287	41.187866	-1.218580	10.923290	56.326058	-26.061481	0.000000	-1.218580	0.000000	0.000000	0.000000
20.600000	41.168535	42.386006	-1.217471	10.923297	57.485809	-26.023101	0.000000	-1.217471	0.000000	0.000000	0.000000
20.800000	42.380334	43.596652	-1.216318	10.923295	58.657839	-25.984481	0.000000	-1.216318	0.000000	0.000000	0.000000
21.000000	43.604750	44.819869	-1.215119	10.923303	59.842190	-25.945624	0.000000	-1.215119	0.000000	0.000000	0.000000
21.200000	44.841720	46.055593	-1.213873	10.923297	61.038830	-25.906534	0.000000	-1.213873	0.000000	0.000000	0.000000
21.400000	46.091295	47.303872	-1.212578	10.923304	62.247781	-25.867213	0.000000	-1.212578	0.000000	0.000000	0.000000
21.600000	47.353482	48.564714	-1.211232	10.923308	63.469070	-25.827665	0.000000	-1.211232	0.000000	0.000000	0.000000
21.800000	48.628218	49.838052	-1.209834	10.923293	64.702652	-25.787893	0.000000	-1.209834	0.000000	0.000000	0.000000
22.000000	49.915607	51.123990	-1.208383	10.923307	65.948583	-25.747900	0.000000	-1.208383	0.000000	0.000000	0.000000
22.200000	51.215538	52.422415	-1.206876	10.923293	67.206811	-25.707690	0.000000	-1.206876	0.000000	0.000000	0.000000
22.400000	52.528105	53.733417	-1.205312	10.923286	68.477395	-25.667264	0.000000	-1.205312	0.000000	0.000000	0.000000
22.600000	53.853278	55.056967	-1.203689	10.923292	69.760303	-25.626627	0.000000	-1.203689	0.000000	0.000000	0.000000
22.800000	55.191055	56.393060	-1.202005	10.923300	71.055542	-25.585782	0.000000	-1.202005	0.000000	0.000000	0.000000
23.000000	56.541431	57.741690	-1.200259	10.923285	72.363137	-25.544732	0.000000	-1.200259	0.000000	0.000000	0.000000
23.200000	57.904457	59.102904	-1.198448	10.923295	73.683088	-25.503479	0.000000	-1.198448	0.000000	0.000000	0.000000
23.400000	59.280062	60.476631	-1.196570	10.923297	75.015362	-25.462028	0.000000	-1.196570	0.000000	0.000000	0.000000
23.600000	60.668305	61.862928	-1.194623	10.923302	76.360007	-25.420380	0.000000	-1.194623	0.000000	0.000000	0.000000
23.800000	62.069178	63.261783	-1.192605	10.923296	77.717027	-25.378539	0.000000	-1.192605	0.000000	0.000000	0.000000
24.000000	63.482658	64.673173	-1.190515	10.923307	79.086376	-25.336510	0.000000	-1.190515	0.000000	0.000000	0.000000
24.200000	64.908775	66.097124	-1.188349	10.923304	80.468113	-25.294293	0.000000	-1.188349	0.000000	0.000000	0.000000
24.400000	66.347494	67.533599	-1.186105	10.923294	81.862199	-25.251894	0.000000	-1.186105	0.000000	0.000000	0.000000
24.600000	67.798837	68.982619	-1.183782	10.923304	83.268630	-25.209315	0.000000	-1.183782	0.000000	0.000000	0.000000
24.800000	69.262833	70.444209	-1.181376	10.923304	84.687463	-25.166558	0.000000	-1.181376	0.000000	0.000000	0.000000
25.000000	70.739459	71.918344	-1.178885	10.923307	86.118663	-25.123627	0.000000	-1.178885	0.000000	0.000000	0.000000
25.200000	72.228687	73.404993	-1.176306	10.923299	87.562220	-25.080526	0.000000	-1.176306	0.000000	0.000000	0.000000
25.400000	73.730577	74.904215	-1.173638	10.923295	89.018176	-25.037257	0.000000	-1.173638	0.000000	0.000000	0.000000
25.600000	75.245098	76.415974	-1.170876	10.923302	90.486495	-24.993823	0.000000	-1.170876	0.000000	0.000000	0.000000
25.800000	76.772271	77.940290	-1.168019	10.923310	91.967207	-24.950228	0.000000	-1.168019	0.000000	0.000000	0.000000
26.000000	78.312042	79.477105	-1.165063	10.923293	93.460287	-24.906474	0.000000	-1.165063	0.000000	0.000000	0.000000
26.200000	79.864476	81.026481	-1.162005	10.923311	94.965736	-24.862566	0.000000	-1.162005	0.000000	0.000000	0.000000
26.400000	81.429565	82.588408	-1.158843	10.923291	96.483622	-24.818505	0.000000	-1.158843	0.000000	0.000000	0.000000
26.600000	83.007230	84.162803	-1.155573	10.923295	98.013804	-24.774297	0.000000	-1.155573	0.000000	0.000000	0.000000
26.800000	84.597617	85.749810	-1.152192	10.923298	99.556452	-24.729941	0.000000	-1.152192	0.000000	0.000000	0.000000
27.000000	86.200586	87.349283	-1.148697	10.923289	101.111437	-24.685443	0.000000	-1.148697	0.000000	0.000000	0.000000
27.200000	87.816223	88.961307	-1.145084	10.923303	102.678810	-24.640806	0.000000	-1.145084	0.000000	0.000000	0.000000
27.400000	89.444515	90.585865	-1.141350	10.923283	104.258613	-24.596031	0.000000	-1.141350	0.000000	0.000000	0.000000
27.600000	91.085424	92.222915	-1.137491	10.923308	105.850733	-24.551125	0.000000	-1.137491	0.000000	0.000000	0.000000
27.800000	92.739017	93.872521	-1.133504	10.923310	107.455299	-24.506088	0.000000	-1.133504	0.000000	0.000000	0.000000
28.000000	94.405183	95.534567	-1.129384	10.923296	109.072195	-24.460924	0.000000	-1.129384	0.000000	0.000000	0.000000
28.200000	96.084067	97.209195	-1.125128	10.923302	110.701529	-24.415636	0.000000	-1.125128	0.000000	0.000000	0.000000
28.400000	97.775551	98.896283	-1.120732	10.923303	112.343207	-24.370227	0.000000	-1.120732	0.000000	0.000000	0.000000
28.600000	99.479718	100.595910	-1.116191	10.923296	113.997313	-24.324700	0.000000	-1.116191	0.000000	0.000000	0.000000
28.800000	101.196508	102.308010	-1.111502	10.923307	115.663763	-24.279059	0.000000	-1.111502	0.000000	0.000000	0.000000
29.000000	102.925945	104.032605	-1.106660	10.923295	117.342617	-24.233307	0.000000	-1.106660	0.000000	0.000000	0.000000
29.200000	104.668019	105.769679	-1.101660	10.923288	119.033837	-24.187446	0.000000	-1.101660	0.000000	0.000000	0.000000
29.400000	106.422756	107.519255	-1.096499	10.923290	120.737445	-24.141480	0.000000	-1.096499	0.000000	0.000000	0.000000
29.600000	108.190153	109.281323	-1.091170	10.923296	122.453439	-24.095412	0.000000	-1.091170	0.000000	0.000000	0.000000
29.800000	109.970187	111.055856	-1.085670	10.923282	124.181818	-24.049244	0.000000	-1.085670	0.000000	0.000000	0.000000
30.000000	111.762874	112.842867	-1.079993	10.923297	125.922551	-24.002981	0.000000	-1.079993	0.000000	0.000000	0.000000
30.200000	113.568183	114.642316	-1.074134	10.923279	127.675663	-23.956625	0.000000	-1.074134	0.000000	0.000000	0.000000
30.400000	115.386167	116.454255	-1.068087	10.923280	129.441154	-23.910180	0.000000	-1.068087	0.000000	0.000000	0.000000
30.600000	117.216811	118.278660	-1.061848	10.923297	131.219010	-23.863648	0.000000	-1.061848	0.000000	0.000000	0.000000
30.800000	119.060101	120.115512	-1.055411	10.923303	133.009241	-23.817032	0.000000	-1.055411	0.000000	0.000000	0.000000
31.000000	120.915983	121.964753	-1.048770	10.923288	134.811802	-23.770337	0.000000	-1.048770	0.000000	0.000000	0.000000
31.200000	122.784552	123.826471	-1.041919	10.923299	136.626737	-23.723565	0.000000	-1.041919	0.000000	0.000000	0.000000
31.400000	124.665782	125.700634	-1.034852	10.923305	138.454046	-23.676717	0.000000	-1.034852	0.000000	0.000000	0.000000
31.600000	126.559671	127.587233	-1.027562	10.923305	140.293727	-23.629799	0.000000	-1.027562	0.000000	0.000000	0.000000
31.800000	128.466166	129.486210	-1.020044	10.923299	142.145724	-23.582814	0.000000	-1.020044	0.000000	0.000000	0.000000
32.000000	130.385372	131.397661	-1.012290	10.923298	144.010126	-23.535762	0.000000	-1.012290	0.000000	0.000000	0.000000
32.200000	132.317148	133.321442	-1.004294	10.923286	145.886806	-23.488651	0.000000	-1.004294	0.000000	0.000000	0.000000
32.400000	134.261623	135.257672	-0.996049	10.923294	147.775858	-23.441480	0.000000	-0.996049	0.000000	0.000000	0.000000
32.600000	136.218743	137.206291	-0.987547	10.923277	149.677267	-23.394253	0.000000	-0.987547	0.000000	0.000000	0.000000
32.800000	138.188552	139.167335	-0.978782	10.923286	151.591022	-23.346974	0.000000	-0.978782	0.000000	0.000000	0.000000
33.000000	140.170952	141.140698	-0.969746	10.923295	153.517049	-23.299646	0.000000	-0.969746	0.000000	0.000000	0.000000
33.200000	142.166054	143.126484	-0.960430	10.923285	155.455471	-23.252271	0.000000	-0.960430	0.000000	0.000000	0.000000
33.400000	144.173789	145.124616	-0.950827	10.923306	157.406165	-23.204855	0.000000	-0.950827	0.000000	0.000000	0.000000
33.600000	146.194155	147.135084	-0.940929	10.923291	159.369190	-23.157398	0.000000	-0.940929	0.000000	0.000000	0.000000
33.800000	148.227216	149.157942	-0.930726	10.923290	161.344555	-23.109903	0.000000	-0.930726	0.000000	0.000000	0.000000
34.000000	150.272873	151.193085	-0.920212	10.923305	163.332156	-23.062376	0.000000	-0.920212	0.000000	0.000000	0.000000
34.200000	152.331245	153.240620	-0.909375	10.923291	165.332146	-23.014817	0.000000	-0.909375	0.000000	0.000000	0.000000
34.400000	154.402274	155.300482	-0.898208	10.923300	167.344412	-22.967231	0.000000	-0.898208	0.000000	0.000000	0.000000
34.600000	156.485903	157.372604	-0.886700	10.923287	169.368938	-22.919621	0.000000	-0.886700	0.000000	0.000000	0.000000
34.800000	158.582221	159.457064	-0.874843	10.923290	171.405764	-22.871989	0.000000	-0.874843	0.000000	0.000000	0.000000
35.000000	160.691223	161.553849	-0.862625	10.923304	173.454883	-22.824339	0.000000	-0.862625	0.000000	0.000000	0.000000
35.200000	162.812847	163.662884	-0.850037	10.923295	175.516263	-22.776674	0.000000	-0.850037	0.000000	0.000000	0.000000
35.400000	164.947167	165.784235	-0.837068	10.923283	177.589948	-22.728996	0.000000	-0.837068	0.000000	0.000000	0.000000
35.600000	167.094145	167.917852	-0.823708	10.923293	179.675870	-22.681310	0.000000	-0.823708	0.000000	0.000000	0.000000
35.800000	169.253806	170.063749	-0.809944	10.923291	181.774077	-22.633618	0.000000	-0.809944	0.000000	0.000000	0.000000
36.000000	171.426089	172.221855	-0.795766	10.923296	183.884483	-22.585924	0.000000	-0.795766	0.000000	0.000000	0.000000
36.200000	173.611064	174.392226	-0.781162	10.923291	186.007164	-22.538229	0.000000	-0.781162	0.000000	0.000000	0.000000
36.400000	175.808713	176.574832	-0.766119	10.923278	188.142092	-22.490538	0.000000	-0.766119	0.000000	0.000000	0.000000
36.600000	178.019055	178.769681	-0.750626	10.923292	190.289242	-22.442853	0.000000	-0.750626	0.000000	0.000000	0.000000
36.800000	180.242070	180.976739	-0.734668	10.923288	192.448629	-22.395178	0.000000	-0.734668	0.000000	0.000000	0.000000
37.000000	182.477722	183.195957	-0.718235	10.923287	194.620187	-22.347517	0.000000	-0.718235	0.000000	0.000000	0.000000
37.200000	184.726090	185.427401	-0.701311	10.923288	196.803983	-22.299871	0.000000	-0.701311	0.000000	0.000000	0.000000
37.400000	186.987153	187.671035	-0.683882	10.923301	198.999978	-22.252244	0.000000	-0.683882	0.000000	0.000000	0.000000
37.600000	189.260938	189.926873	-0.665935	10.923300	201.208211	-22.204638	0.000000	-0.665935	0.000000	0.000000	0.000000
37.800000	191.547351	192.194805	-0.647455	10.923286	203.428577	-22.157058	0.000000	-0.647455	0.000000	0.000000	0.000000
38.000000	193.846502	194.474928	-0.628426	10.923286	205.661147	-22.109506	0.000000	-0.628426	0.000000	0.000000	0.000000
38.200000	196.158359	196.767192	-0.608833	10.923299	207.905878	-22.061985	0.000000	-0.608833	0.000000	0.000000	0.000000
38.400000	198.482921	199.071581	-0.588661	10.923291	210.162789	-22.014498	0.000000	-0.588661	0.000000	0.000000	0.000000
38.600000	200.820159	201.388052	-0.567893	10.923298	212.431805	-21.967050	0.000000	-0.567893	0.000000	0.000000	0.000000
38.800000	203.170129	203.716639	-0.546511	10.923286	214.712996	-21.919642	0.000000	-0.546511	0.000000	0.000000	0.000000
39.000000	205.532863	206.057362	-0.524499	10.923305	217.006335	-21.872278	0.000000	-0.524499	0.000000	0.000000	0.000000
39.200000	207.908299	208.410137	-0.501838	10.923287	219.311810	-21.824960	0.000000	-0.501838	0.000000	0.000000	0.000000
39.400000	210.296494	210.775006	-0.478512	10.923294	221.629404	-21.777692	0.000000	-0.478512	0.000000	0.000000	0.000000
39.600000	212.697372	213.151872	-0.454500	10.923281	223.959069	-21.730478	0.000000	-0.454500	0.000000	0.000000	0.000000
39.800000	215.111032	215.540815	-0.429784	10.923287	226.300848	-21.683319	0.000000	-0.429784	0.000000	0.000000	0.000000
40.000000	217.537435	217.941779	-0.404343	10.923289	228.654710	-21.636220	0.000000	-0.404343	0.000000	0.000000	0.000000
40.200000	219.976608	220.354765	-0.378158	10.923290	231.020659	-21.589184	0.000000	-0.378158	0.000000	0.000000	0.000000
40.400000	222.428556	222.779762	-0.351207	10.923273	233.398701	-21.542212	0.000000	-0.351207	0.000000	0.000000	0.000000
40.600000	224.893262	225.216731	-0.323469	10.923280	235.788760	-21.495309	0.000000	-0.323469	0.000000	0.000000	0.000000
40.800000	227.370796	227.665717	-0.294921	10.923285	238.190909	-21.448478	0.000000	-0.294921	0.000000	0.000000	0.000000
41.000000	229.861113	230.126655	-0.265542	10.923291	240.605085	-21.401721	0.000000	-0.265542	0.000000	0.000000	0.000000
41.200000	232.364195	232.599503	-0.235308	10.923293	243.031253	-21.355043	0.000000	-0.235308	0.000000	0.000000	0.000000
41.400000	234.880148	235.084342	-0.204194	10.923303	245.469484	-21.308445	0.000000	-0.204194	0.000000	0.000000	0.000000
41.600000	237.408868	237.581045	-0.172177	10.923287	247.919690	-21.261932	0.000000	-0.172177	0.000000	0.000000	0.000000
41.800000	239.950457	240.089687	-0.139230	10.923292	250.381901	-21.215505	0.000000	-0.139230	0.000000	0.000000	0.000000
42.000000	242.504905	242.610233	-0.105328	10.923278	252.856124	-21.169169	0.000000	-0.105328	0.000000	0.000000	0.000000
42.200000	245.072168	245.142614	-0.070445	10.923295	255.342245	-21.122927	0.000000	-0.070445	0.000000	0.000000	0.000000
42.400000	247.652379	247.686931	-0.034552	10.923294	257.840417	-21.076780	0.000000	-0.034552	0.000000	0.000000	0.000000
42.600000	250.245456	250.243078	0.002378	10.923280	260.350531	-21.030733	0.000000	0.002378	0.000000	0.000000	0.000000
42.800000	252.851385	252.811012	0.040373	10.923287	262.872514	-20.984789	0.000000	0.040373	0.000000	0.000000	0.000000
43.000000	255.470266	255.390800	0.079466	10.923275	265.406476	-20.938951	0.000000	0.079466	0.000000	0.000000	0.000000
43.200000	258.102120	257.982436	0.119684	10.923299	267.952358	-20.893221	0.000000	0.119684	0.000000	0.000000	0.000000
43.400000	260.746854	260.585794	0.161059	10.923301	270.510097	-20.847605	0.000000	0.161059	0.000000	0.000000	0.000000
43.600000	263.404563	263.200937	0.203626	10.923281	273.079759	-20.802102	0.000000	0.203626	0.000000	0.000000	0.000000
43.800000	266.075261	265.827847	0.247414	10.923288	275.661278	-20.756719	0.000000	0.247414	0.000000	0.000000	0.000000
44.000000	268.758957	268.466497	0.292459	10.923288	278.254666	-20.711456	0.000000	0.292459	0.000000	0.000000	0.000000
44.200000	271.455667	271.116871	0.338796	10.923297	280.859893	-20.666319	0.000000	0.338796	0.000000	0.000000	0.000000
44.400000	274.165425	273.778964	0.386460	10.923291	283.476981	-20.621308	0.000000	0.386460	0.000000	0.000000	0.000000
44.600000	276.888224	276.452735	0.435489	10.923290	286.105874	-20.576429	0.000000	0.435489	0.000000	0.000000	0.000000
44.800000	279.624097	279.138179	0.485918	10.923289	288.746573	-20.531683	0.000000	0.485918	0.000000	0.000000	0.000000
45.000000	282.373068	281.835279	0.537789	10.923286	291.399068	-20.487075	0.000000	0.537789	0.000000	0.000000	0.000000
45.200000	285.135182	284.544042	0.591139	10.923290	294.063359	-20.442606	0.000000	0.591139	0.000000	0.000000	0.000000
45.400000	287.910442	287.264431	0.646011	10.923288	296.739423	-20.398280	0.000000	0.646011	0.000000	0.000000	0.000000
45.600000	290.698843	289.996399	0.702445	10.923282	299.427218	-20.354101	0.000000	0.702445	0.000000	0.000000	0.000000
45.800000	293.500488	292.740003	0.760485	10.923287	302.126787	-20.310071	0.000000	0.760485	0.000000	0.000000	0.000000
46.000000	296.315263	295.495089	0.820173	10.923284	304.838000	-20.266195	0.000000	0.820173	0.000000	0.000000	0.000000
46.200000	299.143382	298.261823	0.881559	10.923283	307.561013	-20.222473	0.000000	0.881559	0.000000	0.000000	0.000000
46.400000	301.984744	301.040059	0.944685	10.923284	310.295686	-20.178910	0.000000	0.944685	0.000000	0.000000	0.000000
46.600000	304.839457	303.829856	1.009601	10.923300	313.042065	-20.135509	0.000000	1.009601	0.000000	0.000000	0.000000
46.800000	307.707414	306.631061	1.076353	10.923292	315.800043	-20.092274	0.000000	1.076353	0.000000	0.000000	0.000000
47.000000	310.588799	309.443804	1.144995	10.923293	318.569718	-20.049207	0.000000	1.144995	0.000000	0.000000	0.000000
47.200000	313.483578	312.268002	1.215576	10.923295	321.351017	-20.006310	0.000000	1.215576	0.000000	0.000000	0.000000
47.400000	316.391765	315.103615	1.288149	10.923293	324.143912	-19.963589	0.000000	1.288149	0.000000	0.000000	0.000000
47.600000	319.313444	317.950675	1.362769	10.923306	326.948414	-19.921045	0.000000	1.362769	0.000000	0.000000	0.000000
47.800000	322.248669	320.809176	1.439493	10.923306	329.764550	-19.878681	0.000000	1.439493	0.000000	0.000000	0.000000
48.000000	325.197338	323.678965	1.518374	10.923308	332.592158	-19.836502	0.000000	1.518374	0.000000	0.000000	0.000000
48.200000	328.159652	326.560177	1.599475	10.923292	335.431394	-19.794509	0.000000	1.599475	0.000000	0.000000	0.000000
48.400000	331.135641	329.452788	1.682853	10.923309	338.282184	-19.752706	0.000000	1.682853	0.000000	0.000000	0.000000
48.600000	334.125208	332.356638	1.768570	10.923306	341.144428	-19.711096	0.000000	1.768570	0.000000	0.000000	0.000000
48.800000	337.128487	335.271797	1.856690	10.923297	344.018184	-19.669683	0.000000	1.856690	0.000000	0.000000	0.000000
49.000000	340.145578	338.198300	1.947279	10.923282	346.903487	-19.628469	0.000000	1.947279	0.000000	0.000000	0.000000
49.200000	343.176403	341.136004	2.040398	10.923285	349.800177	-19.587458	0.000000	2.040398	0.000000	0.000000	0.000000
49.400000	346.221122	344.085002	2.136121	10.923300	352.708355	-19.546653	0.000000	2.136121	0.000000	0.000000	0.000000
49.600000	349.279693	347.045179	2.234514	10.923286	355.627948	-19.506056	0.000000	2.234514	0.000000	0.000000	0.000000
49.800000	352.352291	350.016639	2.335652	10.923305	358.559005	-19.465671	0.000000	2.335652	0.000000	0.000000	0.000000
50.000000	355.438786	352.999182	2.439605	10.923286	361.501398	-19.425501	0.000000	2.439605	0.000000	0.000000	0.000000
50.200000	358.539380	355.992931	2.546449	10.923283	364.455197	-19.385550	0.000000	2.546449	0.000000	0.000000	0.000000
50.400000	361.654052	358.997791	2.656261	10.923283	367.420328	-19.345820	0.000000	2.656261	0.000000	0.000000	0.000000
50.600000	364.782955	362.013834	2.769121	10.923299	370.396848	-19.306314	0.000000	2.769121	0.000000	0.000000	0.000000
50.800000	367.926014	365.040906	2.885109	10.923295	373.384646	-19.267036	0.000000	2.885109	0.000000	0.000000	0.000000
51.000000	371.083391	368.079084	3.004308	10.923299	376.383773	-19.227988	0.000000	3.004308	0.000000	0.000000	0.000000
51.200000	374.255107	371.128304	3.126802	10.923295	379.394183	-19.189174	0.000000	3.126802	0.000000	0.000000	0.000000
51.400000	377.441197	374.188518	3.252679	10.923290	382.415826	-19.150598	0.000000	3.252679	0.000000	0.000000	0.000000
51.600000	380.641823	377.259795	3.382027	10.923309	385.448748	-19.112261	0.000000	3.382027	0.000000	0.000000	0.000000
51.800000	383.857012	380.342071	3.514941	10.923312	388.492926	-19.074167	0.000000	3.514941	0.000000	0.000000	0.000000
52.000000	387.086708	383.435201	3.651508	10.923296	391.548225	-19.036321	0.000000	3.651508	0.000000	0.000000	0.000000
52.200000	390.331175	386.539346	3.791829	10.923290	394.614779	-18.998723	0.000000	3.791829	0.000000	0.000000	0.000000
52.400000	393.590335	389.654338	3.935997	10.923289	397.692427	-18.961378	0.000000	3.935997	0.000000	0.000000	0.000000
52.600000	396.864387	392.780271	4.084116	10.923302	400.781258	-18.924289	0.000000	4.084116	0.000000	0.000000	0.000000
52.800000	400.153386	395.917095	4.236291	10.923288	403.881264	-18.887458	0.000000	4.236291	0.000000	0.000000	0.000000
53.000000	403.457345	399.064724	4.392621	10.923290	406.992323	-18.850889	0.000000	4.392621	0.000000	0.000000	0.000000
53.200000	406.776362	402.223146	4.553216	10.923287	410.114445	-18.814586	0.000000	4.553216	0.000000	0.000000	0.000000
53.400000	410.110587	405.392401	4.718186	10.923300	413.247652	-18.778550	0.000000	4.718186	0.000000	0.000000	0.000000
53.600000	413.460067	408.572421	4.887646	10.923286	416.391920	-18.742786	0.000000	4.887646	0.000000	0.000000	0.000000
53.800000	416.824878	411.763170	5.061707	10.923291	419.547176	-18.707296	0.000000	5.061707	0.000000	0.000000	0.000000
54.000000	420.205192	414.964701	5.240491	10.923308	422.713476	-18.672083	0.000000	5.240491	0.000000	0.000000	0.000000
54.200000	423.600969	418.176854	5.424115	10.923293	425.890712	-18.637151	0.000000	5.424115	0.000000	0.000000	0.000000
54.400000	427.012386	421.399684	5.612701	10.923300	429.078888	-18.602504	0.000000	5.612701	0.000000	0.000000	0.000000
54.600000	430.439508	424.633128	5.806380	10.923273	432.277998	-18.568142	0.000000	5.806380	0.000000	0.000000	0.000000
54.800000	433.882576	427.877297	6.005279	10.923294	435.488074	-18.534071	0.000000	6.005279	0.000000	0.000000	0.000000
55.000000	437.341522	431.131995	6.209526	10.923297	438.708990	-18.500292	0.000000	6.209526	0.000000	0.000000	0.000000
55.200000	440.816471	434.397215	6.419256	10.923300	441.940725	-18.466811	0.000000	6.419256	0.000000	0.000000	0.000000
55.400000	444.307702	437.673085	6.634617	10.923295	445.183417	-18.433627	0.000000	6.634617	0.000000	0.000000	0.000000
55.600000	447.815145	440.959410	6.855735	10.923307	448.436849	-18.400746	0.000000	6.855735	0.000000	0.000000	0.000000
55.800000	451.338963	444.256203	7.082760	10.923302	451.701071	-18.368171	0.000000	7.082760	0.000000	0.000000	0.000000
56.000000	454.879357	447.563514	7.315842	10.923302	454.976116	-18.335903	0.000000	7.315842	0.000000	0.000000	0.000000
56.200000	458.436308	450.881185	7.555123	10.923292	458.261840	-18.303948	0.000000	7.555123	0.000000	0.000000	0.000000
56.400000	462.010107	454.209343	7.800764	10.923292	461.558357	-18.272307	0.000000	7.800764	0.000000	0.000000	0.000000
56.600000	465.600733	457.547823	8.052911	10.923312	464.865494	-18.240984	0.000000	8.052911	0.000000	0.000000	0.000000
56.800000	469.208378	460.896646	8.311732	10.923295	468.183333	-18.209981	0.000000	8.311732	0.000000	0.000000	0.000000
57.000000	472.833269	464.255878	8.577391	10.923294	471.511887	-18.179302	0.000000	8.577391	0.000000	0.000000	0.000000
57.200000	476.475359	467.625316	8.850043	10.923294	474.850973	-18.148951	0.000000	8.850043	0.000000	0.000000	0.000000
57.400000	480.134963	471.005094	9.129870	10.923287	478.200735	-18.118928	0.000000	9.129870	0.000000	0.000000	0.000000
57.600000	483.812152	474.395117	9.417035	10.923307	481.561049	-18.089239	0.000000	9.417035	0.000000	0.000000	0.000000
57.800000	487.507051	477.795331	9.711720	10.923292	484.931925	-18.059886	0.000000	9.711720	0.000000	0.000000	0.000000
58.000000	491.219775	481.205679	10.014096	10.923291	488.313260	-18.030873	0.000000	10.014096	0.000000	0.000000	0.000000
58.200000	494.950718	484.626353	10.324365	10.923306	491.705247	-18.002200	0.000000	10.324365	0.000000	0.000000	0.000000
58.400000	498.699652	488.056967	10.642684	10.923312	495.107529	-17.973874	0.000000	10.642684	0.000000	0.000000	0.000000
58.600000	502.467069	491.497798	10.969271	10.923313	498.520379	-17.945895	0.000000	10.969271	0.000000	0.000000	0.000000
58.800000	506.252983	494.948676	11.304307	10.923310	501.943634	-17.918267	0.000000	11.304307	0.000000	0.000000	0.000000
59.000000	510.057533	498.409548	11.647986	10.923302	505.377239	-17.890994	0.000000	11.647986	0.000000	0.000000	0.000000
59.200000	513.880921	501.880410	12.000511	10.923285	508.821203	-17.864078	0.000000	12.000511	0.000000	0.000000	0.000000
59.400000	517.723457	505.361362	12.362095	10.923300	512.275583	-17.837521	0.000000	12.362095	0.000000	0.000000	0.000000
59.600000	521.585105	508.852171	12.732934	10.923284	515.740216	-17.811329	0.000000	12.732934	0.000000	0.000000	0.000000
59.800000	525.466205	512.352958	13.113248	10.923280	519.215179	-17.785502	0.000000	13.113248	0.000000	0.000000	0.000000
60.000000	529.366975	515.863722	13.503253	10.923308	522.700457	-17.760043	0.000000	13.503253	0.000000	0.000000	0.000000
