"Angle"	"Energy kJ/mol"	"BondedTermsEnergy"	"NonBondedTermsEnergy"	"BondStretchEnergy"	"AngleStretchEnergy"	"TorsionEnergy"	"OutOfPlaneEnergy"	"DispersionEnergy"	"ElectrostaticEnergy"	"NonBondedEnergyC"	"NonBondedEnergyD"
-60.000000	7890.905718	7161.379805	729.525913	5677.141610	1499.613325	-15.375130	0.000000	729.525913	0.000000	0.000000	0.000000
-59.800000	7811.893924	7108.126227	703.767696	5631.762456	1491.727270	-15.363499	0.000000	703.767696	0.000000	0.000000	0.000000
-59.600000	7734.010764	7055.080302	678.930462	5586.587197	1483.845679	-15.352573	0.000000	678.930462	0.000000	0.000000	0.000000
-59.400000	7657.225022	7002.243136	654.981885	5541.616824	1475.968666	-15.342354	0.000000	654.981885	0.000000	0.000000	0.000000
-59.200000	7581.507225	6949.616739	631.890486	5496.853080	1468.096497	-15.332839	0.000000	631.890486	0.000000	0.000000	0.000000
-59.000000	7506.825402	6897.199942	609.625460	5452.295022	1460.228949	-15.324029	0.000000	609.625460	0.000000	0.000000	0.000000
-58.800000	7433.149703	6844.992789	588.156914	5407.942718	1452.365992	-15.315921	0.000000	588.156914	0.000000	0.000000	0.000000
-58.600000	7360.453275	6792.996649	567.456626	5363.797364	1444.507801	-15.308516	0.000000	567.456626	0.000000	0.000000	0.000000
-58.400000	7288.707882	6741.211078	547.496804	5319.858615	1436.654275	-15.301812	0.000000	547.496804	0.000000	0.000000	0.000000
-58.200000	7217.891062	6689.639220	528.251842	5276.129163	1428.805863	-15.295806	0.000000	528.251842	0.000000	0.000000	0.000000
-58.000000	7147.974657	6638.279564	509.695092	5232.607740	1420.962323	-15.290498	0.000000	509.695092	0.000000	0.000000	0.000000
-57.800000	7078.933384	6587.131565	491.801820	5189.293916	1413.123534	-15.285886	0.000000	491.801820	0.000000	0.000000	0.000000
-57.600000	7010.746031	6536.197212	474.548819	5146.189399	1405.289780	-15.281967	0.000000	474.548819	0.000000	0.000000	0.000000
-57.400000	6943.387639	6485.475218	457.912421	5103.293112	1397.460845	-15.278738	0.000000	457.912421	0.000000	0.000000	0.000000
-57.200000	6876.837393	6434.966831	441.870562	5060.606115	1389.636914	-15.276198	0.000000	441.870562	0.000000	0.000000	0.000000
-57.000000	6811.076694	6384.674424	426.402270	5018.130413	1381.818354	-15.274344	0.000000	426.402270	0.000000	0.000000	0.000000
-56.800000	6746.083032	6334.596418	411.486613	4975.864694	1374.004897	-15.273172	0.000000	411.486613	0.000000	0.000000	0.000000
-56.600000	6681.836164	6284.732864	397.103300	4933.808986	1366.196558	-15.272680	0.000000	397.103300	0.000000	0.000000	0.000000
-56.400000	6618.319136	6235.085519	383.233616	4891.964775	1358.393608	-15.272864	0.000000	383.233616	0.000000	0.000000	0.000000
-56.200000	6555.512510	6185.653788	369.858722	4850.331550	1350.595959	-15.273721	0.000000	369.858722	0.000000	0.000000	0.000000
-56.000000	6493.399105	6136.438211	356.960894	4808.909763	1342.803694	-15.275247	0.000000	356.960894	0.000000	0.000000	0.000000
-55.800000	6431.962584	6087.439867	344.522716	4767.700284	1335.017021	-15.277438	0.000000	344.522716	0.000000	0.000000	0.000000
-55.600000	6371.185375	6038.657753	332.527622	4726.702277	1327.235766	-15.280290	0.000000	332.527622	0.000000	0.000000	0.000000
-55.400000	6311.053529	5990.093667	320.959862	4685.917226	1319.460241	-15.283800	0.000000	320.959862	0.000000	0.000000	0.000000
-55.200000	6251.549917	5941.746353	309.803565	4645.344049	1311.690266	-15.287962	0.000000	309.803565	0.000000	0.000000	0.000000
-55.000000	6192.661424	5893.617328	299.044096	4604.983986	1303.926114	-15.292773	0.000000	299.044096	0.000000	0.000000	0.000000
-54.800000	6134.374333	5845.707150	288.667183	4564.837477	1296.167900	-15.298227	0.000000	288.667183	0.000000	0.000000	0.000000
-54.600000	6076.673212	5798.014511	278.658700	4524.903392	1288.415439	-15.304320	0.000000	278.658700	0.000000	0.000000	0.000000
-54.400000	6019.548436	5750.542733	269.005703	4485.184450	1280.669330	-15.311046	0.000000	269.005703	0.000000	0.000000	0.000000
-54.200000	5962.983134	5703.288316	259.694819	4445.677699	1272.929018	-15.318401	0.000000	259.694819	0.000000	0.000000	0.000000
-54.000000	5906.968677	5656.254439	250.714237	4406.385753	1265.195066	-15.326379	0.000000	250.714237	0.000000	0.000000	0.000000
-53.800000	5851.492416	5609.440756	242.051659	4367.308240	1257.467491	-15.334975	0.000000	242.051659	0.000000	0.000000	0.000000
-53.600000	5796.542951	5562.847272	233.695679	4328.445124	1249.746330	-15.344182	0.000000	233.695679	0.000000	0.000000	0.000000
-53.400000	5742.108335	5516.473201	225.635134	4289.795701	1242.031496	-15.353997	0.000000	225.635134	0.000000	0.000000	0.000000
-53.200000	5688.180987	5470.321409	217.859578	4251.362268	1234.323552	-15.364411	0.000000	217.859578	0.000000	0.000000	0.000000
-53.000000	5634.746953	5424.388685	210.358268	4213.142098	1226.622008	-15.375421	0.000000	210.358268	0.000000	0.000000	0.000000
-52.800000	5581.800408	5378.678622	203.121786	4175.138097	1218.927543	-15.387018	0.000000	203.121786	0.000000	0.000000	0.000000
-52.600000	5529.329920	5333.189590	196.140331	4137.348841	1211.239946	-15.399198	0.000000	196.140331	0.000000	0.000000	0.000000
-52.400000	5477.327560	5287.922900	189.404660	4099.775306	1203.559547	-15.411953	0.000000	189.404660	0.000000	0.000000	0.000000
-52.200000	5425.782958	5242.877092	182.905866	4062.416224	1195.886147	-15.425278	0.000000	182.905866	0.000000	0.000000	0.000000
-52.000000	5374.689186	5198.053614	176.635572	4025.272701	1188.220079	-15.439166	0.000000	176.635572	0.000000	0.000000	0.000000
-51.800000	5324.038734	5153.453285	170.585450	3988.345292	1180.561602	-15.453610	0.000000	170.585450	0.000000	0.000000	0.000000
-51.600000	5273.823088	5109.075480	164.747608	3951.633403	1172.910680	-15.468603	0.000000	164.747608	0.000000	0.000000	0.000000
-51.400000	5224.034490	5064.920205	159.114284	3915.136916	1165.267428	-15.484139	0.000000	159.114284	0.000000	0.000000	0.000000
-51.200000	5174.665343	5020.987201	153.678142	3878.855522	1157.631889	-15.500210	0.000000	153.678142	0.000000	0.000000	0.000000
-51.000000	5125.710668	4977.278457	148.432211	3842.790728	1150.004538	-15.516810	0.000000	148.432211	0.000000	0.000000	0.000000
-50.800000	5077.162276	4933.792774	143.369502	3806.941428	1142.385278	-15.533932	0.000000	143.369502	0.000000	0.000000	0.000000
-50.600000	5029.013299	4890.529925	138.483374	3771.307304	1134.774188	-15.551568	0.000000	138.483374	0.000000	0.000000	0.000000
-50.400000	4981.258776	4847.491126	133.767651	3735.889240	1127.171598	-15.569712	0.000000	133.767651	0.000000	0.000000	0.000000
-50.200000	4933.892211	4804.676097	129.216114	3700.686855	1119.577598	-15.588356	0.000000	129.216114	0.000000	0.000000	0.000000
-50.000000	4886.908578	4762.085595	124.822983	3665.700641	1111.992447	-15.607493	0.000000	124.822983	0.000000	0.000000	0.000000
-49.800000	4840.300224	4719.717846	120.582378	3630.928993	1104.415968	-15.627116	0.000000	120.582378	0.000000	0.000000	0.000000
-49.600000	4794.064601	4677.575567	116.489034	3596.373976	1096.848807	-15.647217	0.000000	116.489034	0.000000	0.000000	0.000000
-49.400000	4748.194745	4635.657171	112.537574	3562.034147	1089.290813	-15.667789	0.000000	112.537574	0.000000	0.000000	0.000000
-49.200000	4702.685781	4593.962898	108.722883	3527.909526	1081.742197	-15.688825	0.000000	108.722883	0.000000	0.000000	0.000000
-49.000000	4657.533132	4552.493016	105.040116	3494.000173	1074.203162	-15.710318	0.000000	105.040116	0.000000	0.000000	0.000000
-48.800000	4612.732389	4511.247793	101.484595	3460.306140	1066.673914	-15.732261	0.000000	101.484595	0.000000	0.000000	0.000000
-48.600000	4568.279554	4470.227806	98.051747	3426.827699	1059.154753	-15.754645	0.000000	98.051747	0.000000	0.000000	0.000000
-48.400000	4524.169012	4429.431865	94.737147	3393.563710	1051.645620	-15.777465	0.000000	94.737147	0.000000	0.000000	0.000000
-48.200000	4480.397520	4388.860856	91.536664	3360.514712	1044.146857	-15.800713	0.000000	91.536664	0.000000	0.000000	0.000000
-48.000000	4436.961531	4348.515327	88.446204	3327.680935	1036.658772	-15.824381	0.000000	88.446204	0.000000	0.000000	0.000000
-47.800000	4393.855371	4308.393564	85.461806	3295.060812	1029.181215	-15.848463	0.000000	85.461806	0.000000	0.000000	0.000000
-47.600000	4351.077163	4268.497403	82.579759	3262.655605	1021.714750	-15.872951	0.000000	82.579759	0.000000	0.000000	0.000000
-47.400000	4308.622238	4228.825873	79.796365	3230.464314	1014.259399	-15.897840	0.000000	79.796365	0.000000	0.000000	0.000000
-47.200000	4266.487446	4189.379253	77.108193	3198.486969	1006.815405	-15.923122	0.000000	77.108193	0.000000	0.000000	0.000000
-47.000000	4224.669648	4150.157819	74.511829	3166.723548	999.383060	-15.948790	0.000000	74.511829	0.000000	0.000000	0.000000
-46.800000	4183.165134	4111.161078	72.004055	3135.173449	991.962466	-15.974837	0.000000	72.004055	0.000000	0.000000	0.000000
-46.600000	4141.970711	4072.389040	69.581671	3103.836418	984.553881	-16.001259	0.000000	69.581671	0.000000	0.000000	0.000000
-46.400000	4101.083392	4033.841698	67.241695	3072.712223	977.157522	-16.028047	0.000000	67.241695	0.000000	0.000000	0.000000
-46.200000	4060.500510	3995.519276	64.981234	3041.800801	969.773671	-16.055196	0.000000	64.981234	0.000000	0.000000	0.000000
-46.000000	4020.219983	3957.422459	62.797524	3011.102449	962.402710	-16.082700	0.000000	62.797524	0.000000	0.000000	0.000000
-45.800000	3980.237288	3919.549539	60.687749	2980.615526	955.044567	-16.110554	0.000000	60.687749	0.000000	0.000000	0.000000
-45.600000	3940.550274	3881.900917	58.649357	2950.340102	947.699566	-16.138751	0.000000	58.649357	0.000000	0.000000	0.000000
-45.400000	3901.157392	3844.477519	56.679873	2920.276644	940.368161	-16.167285	0.000000	56.679873	0.000000	0.000000	0.000000
-45.200000	3862.055634	3807.278772	54.776862	2890.424419	933.050506	-16.196153	0.000000	54.776862	0.000000	0.000000	0.000000
-45.000000	3823.242343	3770.304356	52.937986	2860.782892	925.746812	-16.225348	0.000000	52.937986	0.000000	0.000000	0.000000
-44.800000	3784.714449	3733.553488	51.160962	2831.351146	918.457209	-16.254867	0.000000	51.160962	0.000000	0.000000	0.000000
-44.600000	3746.471136	3697.027447	49.443689	2802.129913	911.182238	-16.284703	0.000000	49.443689	0.000000	0.000000	0.000000
-44.400000	3708.509250	3660.725224	47.784027	2773.118078	903.922001	-16.314855	0.000000	47.784027	0.000000	0.000000	0.000000
-44.200000	3670.826398	3624.646410	46.179988	2744.315030	896.676696	-16.345316	0.000000	46.179988	0.000000	0.000000	0.000000
-44.000000	3633.421703	3588.792059	44.629643	2715.721277	889.446867	-16.376084	0.000000	44.629643	0.000000	0.000000	0.000000
-43.800000	3596.292423	3553.161313	43.131110	2687.335824	882.232644	-16.407155	0.000000	43.131110	0.000000	0.000000	0.000000
-43.600000	3559.436365	3517.753785	41.682580	2659.158045	875.034266	-16.438526	0.000000	41.682580	0.000000	0.000000	0.000000
-43.400000	3522.850916	3482.568605	40.282311	2631.186931	867.851870	-16.470195	0.000000	40.282311	0.000000	0.000000	0.000000
-43.200000	3486.536114	3447.607462	38.928652	2603.423460	860.686161	-16.502158	0.000000	38.928652	0.000000	0.000000	0.000000
-43.000000	3450.488741	3412.868784	37.619957	2575.866056	853.537143	-16.534415	0.000000	37.619957	0.000000	0.000000	0.000000
-42.800000	3414.707482	3378.352786	36.354696	2548.514549	846.405199	-16.566962	0.000000	36.354696	0.000000	0.000000	0.000000
-42.600000	3379.190399	3344.059044	35.131355	2521.368248	839.290596	-16.599800	0.000000	35.131355	0.000000	0.000000	0.000000
-42.400000	3343.936030	3309.987530	33.948499	2494.426776	832.193681	-16.632927	0.000000	33.948499	0.000000	0.000000	0.000000
-42.200000	3308.942775	3276.138058	32.804717	2467.689609	825.114791	-16.666342	0.000000	32.804717	0.000000	0.000000	0.000000
-42.000000	3274.208783	3242.510115	31.698668	2441.155982	818.054178	-16.700045	0.000000	31.698668	0.000000	0.000000	0.000000
-41.800000	3239.732711	3209.103652	30.629060	2414.825479	811.012211	-16.734038	0.000000	30.629060	0.000000	0.000000	0.000000
-41.600000	3205.512843	3175.918212	29.594632	2388.697356	803.989176	-16.768320	0.000000	29.594632	0.000000	0.000000	0.000000
-41.400000	3171.547236	3142.953066	28.594170	2362.770657	796.985303	-16.802894	0.000000	28.594170	0.000000	0.000000	0.000000
-41.200000	3137.835479	3110.208938	27.626541	2337.045558	790.001141	-16.837761	0.000000	27.626541	0.000000	0.000000	0.000000
-41.000000	3104.375745	3077.685143	26.690602	2311.521116	783.036949	-16.872923	0.000000	26.690602	0.000000	0.000000	0.000000
-40.800000	3071.165770	3045.380513	25.785257	2286.196019	776.092878	-16.908384	0.000000	25.785257	0.000000	0.000000	0.000000
-40.600000	3038.204843	3013.295373	24.909470	2261.070105	769.169415	-16.944147	0.000000	24.909470	0.000000	0.000000	0.000000
-40.400000	3005.492144	2981.429880	24.062264	2236.143095	762.267000	-16.980214	0.000000	24.062264	0.000000	0.000000	0.000000
-40.200000	2973.026008	2949.783370	23.242638	2211.414033	755.385929	-17.016592	0.000000	23.242638	0.000000	0.000000	0.000000
-40.000000	2940.803918	2918.354285	22.449634	2186.881284	748.526287	-17.053287	0.000000	22.449634	0.000000	0.000000	0.000000
-39.800000	2908.826508	2887.144106	21.682403	2162.545582	741.688825	-17.090301	0.000000	21.682403	0.000000	0.000000	0.000000
-39.600000	2877.090543	2856.150518	20.940025	2138.404686	734.873476	-17.127644	0.000000	20.940025	0.000000	0.000000	0.000000
-39.400000	2845.596833	2825.375143	20.221690	2114.459406	728.081057	-17.165320	0.000000	20.221690	0.000000	0.000000	0.000000
-39.200000	2814.342659	2794.816089	19.526570	2090.707839	721.311588	-17.203338	0.000000	19.526570	0.000000	0.000000	0.000000
-39.000000	2783.327464	2764.473579	18.853884	2067.149700	714.565586	-17.241707	0.000000	18.853884	0.000000	0.000000	0.000000
-38.800000	2752.549805	2734.346926	18.202879	2043.784007	707.843353	-17.280434	0.000000	18.202879	0.000000	0.000000	0.000000
-38.600000	2722.007919	2704.435106	17.572813	2020.609509	701.145129	-17.319531	0.000000	17.572813	0.000000	0.000000	0.000000
-38.400000	2691.701745	2674.738738	16.963008	1997.626223	694.471521	-17.359007	0.000000	16.963008	0.000000	0.000000	0.000000
-38.200000	2661.629663	2645.256903	16.372761	1974.832962	687.822813	-17.398872	0.000000	16.372761	0.000000	0.000000	0.000000
-38.000000	2631.790610	2615.989181	15.801429	1952.228939	681.199382	-17.439139	0.000000	15.801429	0.000000	0.000000	0.000000
-37.800000	2602.182659	2586.934290	15.248369	1929.812690	674.601421	-17.479821	0.000000	15.248369	0.000000	0.000000	0.000000
-37.600000	2572.805259	2558.092281	14.712979	1907.583777	668.029434	-17.520930	0.000000	14.712979	0.000000	0.000000	0.000000
-37.400000	2543.657444	2529.462772	14.194672	1885.541424	661.483827	-17.562480	0.000000	14.194672	0.000000	0.000000	0.000000
-37.200000	2514.737728	2501.044861	13.692868	1863.684446	654.964902	-17.604486	0.000000	13.692868	0.000000	0.000000	0.000000
-37.000000	2486.045317	2472.838294	13.207023	1842.012161	648.473098	-17.646964	0.000000	13.207023	0.000000	0.000000	0.000000
-36.800000	2457.578840	2444.842235	12.736605	1820.523436	642.008729	-17.689930	0.000000	12.736605	0.000000	0.000000	0.000000
-36.600000	2429.337386	2417.056269	12.281116	1799.217469	635.572202	-17.733401	0.000000	12.281116	0.000000	0.000000	0.000000
-36.400000	2401.319859	2389.479810	11.840048	1778.093301	629.163904	-17.777394	0.000000	11.840048	0.000000	0.000000	0.000000
-36.200000	2373.524701	2362.111775	11.412926	1757.149611	622.784093	-17.821929	0.000000	11.412926	0.000000	0.000000	0.000000
-36.000000	2345.951899	2334.952598	10.999301	1736.386229	616.433393	-17.867024	0.000000	10.999301	0.000000	0.000000	0.000000
-35.800000	2318.599206	2308.000498	10.598708	1715.801285	610.111913	-17.912700	0.000000	10.598708	0.000000	0.000000	0.000000
-35.600000	2291.465442	2281.254719	10.210724	1695.393706	603.819992	-17.958980	0.000000	10.210724	0.000000	0.000000	0.000000
-35.400000	2264.550836	2254.715884	9.834952	1675.163462	597.558305	-18.005882	0.000000	9.834952	0.000000	0.000000	0.000000
-35.200000	2237.852784	2228.381812	9.470972	1655.108381	591.326863	-18.053432	0.000000	9.470972	0.000000	0.000000	0.000000
-35.000000	2211.371483	2202.253077	9.118406	1635.228389	585.126340	-18.101652	0.000000	9.118406	0.000000	0.000000	0.000000
-34.800000	2185.104858	2176.327981	8.776877	1615.521692	578.956856	-18.150567	0.000000	8.776877	0.000000	0.000000	0.000000
-34.600000	2159.052568	2150.606540	8.446028	1595.987790	572.818951	-18.200201	0.000000	8.446028	0.000000	0.000000	0.000000
-34.400000	2133.212253	2125.086750	8.125502	1576.624657	566.712676	-18.250583	0.000000	8.125502	0.000000	0.000000	0.000000
-34.200000	2107.584276	2099.769298	7.814979	1557.432306	560.638728	-18.301736	0.000000	7.814979	0.000000	0.000000	0.000000
-34.000000	2082.166885	2074.652761	7.514124	1538.409150	554.597301	-18.353690	0.000000	7.514124	0.000000	0.000000	0.000000
-33.800000	2056.958355	2049.735745	7.222610	1519.553623	548.588596	-18.406474	0.000000	7.222610	0.000000	0.000000	0.000000
-33.600000	2031.958445	2025.018292	6.940153	1500.865259	542.613149	-18.460116	0.000000	6.940153	0.000000	0.000000	0.000000
-33.400000	2007.166719	2000.500255	6.666464	1482.343439	536.671459	-18.514644	0.000000	6.666464	0.000000	0.000000	0.000000
-33.200000	1982.579902	1976.178666	6.401236	1463.985421	530.763338	-18.570093	0.000000	6.401236	0.000000	0.000000	0.000000
-33.000000	1958.198607	1952.054390	6.144217	1445.791360	524.889522	-18.626491	0.000000	6.144217	0.000000	0.000000	0.000000
-32.800000	1934.020986	1928.125853	5.895133	1427.759570	519.050155	-18.683872	0.000000	5.895133	0.000000	0.000000	0.000000
-32.600000	1910.045808	1904.392081	5.653726	1409.888826	513.245525	-18.742269	0.000000	5.653726	0.000000	0.000000	0.000000
-32.400000	1886.271657	1880.851906	5.419751	1392.177759	507.475864	-18.801717	0.000000	5.419751	0.000000	0.000000	0.000000
-32.200000	1862.698802	1857.505821	5.192981	1374.626253	501.741813	-18.862245	0.000000	5.192981	0.000000	0.000000	0.000000
-32.000000	1839.324722	1834.351548	4.973174	1357.232113	496.043327	-18.923893	0.000000	4.973174	0.000000	0.000000	0.000000
-31.800000	1816.148582	1811.388472	4.760109	1339.994401	490.380765	-18.986694	0.000000	4.760109	0.000000	0.000000	0.000000
-31.600000	1793.169599	1788.616026	4.553573	1322.912218	484.754493	-19.050685	0.000000	4.553573	0.000000	0.000000	0.000000
-31.400000	1770.385261	1766.031911	4.353350	1305.983372	479.164442	-19.115904	0.000000	4.353350	0.000000	0.000000	0.000000
-31.200000	1747.795901	1743.636654	4.159247	1289.207800	473.611240	-19.182386	0.000000	4.159247	0.000000	0.000000	0.000000
-31.000000	1725.399497	1721.428429	3.971067	1272.583675	468.094923	-19.250169	0.000000	3.971067	0.000000	0.000000	0.000000
-30.800000	1703.195346	1699.406721	3.788625	1256.110166	462.615846	-19.319291	0.000000	3.788625	0.000000	0.000000	0.000000
-30.600000	1681.181377	1677.569642	3.611735	1239.785417	457.174016	-19.389792	0.000000	3.611735	0.000000	0.000000	0.000000
-30.400000	1659.356915	1655.916694	3.440221	1223.608624	451.769779	-19.461709	0.000000	3.440221	0.000000	0.000000	0.000000
-30.200000	1637.720485	1634.446570	3.273915	1207.578383	446.403269	-19.535082	0.000000	3.273915	0.000000	0.000000	0.000000
-30.000000	1616.271161	1613.158506	3.112655	1191.693706	441.074750	-19.609949	0.000000	3.112655	0.000000	0.000000	0.000000
-29.800000	1595.007201	1592.050924	2.956277	1175.953006	435.784270	-19.686352	0.000000	2.956277	0.000000	0.000000	0.000000
-29.600000	1573.927770	1571.123142	2.804629	1160.355376	430.532094	-19.764328	0.000000	2.804629	0.000000	0.000000	0.000000
-29.400000	1553.031204	1550.373639	2.657564	1144.899289	425.318268	-19.843917	0.000000	2.657564	0.000000	0.000000	0.000000
-29.200000	1532.316120	1529.801181	2.514938	1129.583445	420.142897	-19.925161	0.000000	2.514938	0.000000	0.000000	0.000000
-29.000000	1511.781695	1509.405083	2.376612	1114.406967	415.006213	-20.008097	0.000000	2.376612	0.000000	0.000000	0.000000
-28.800000	1491.426102	1489.183651	2.242450	1099.368231	409.908185	-20.092765	0.000000	2.242450	0.000000	0.000000	0.000000
-28.600000	1471.248080	1469.135758	2.112322	1084.466053	404.848911	-20.179206	0.000000	2.112322	0.000000	0.000000	0.000000
-28.400000	1451.246232	1449.260126	1.986106	1069.699143	399.828440	-20.267457	0.000000	1.986106	0.000000	0.000000	0.000000
-28.200000	1431.419477	1429.555803	1.863674	1055.066474	394.846886	-20.357557	0.000000	1.863674	0.000000	0.000000	0.000000
-28.000000	1411.766211	1410.021297	1.744914	1040.566620	389.904222	-20.449545	0.000000	1.744914	0.000000	0.000000	0.000000
-27.800000	1392.285322	1390.655613	1.629709	1026.198546	385.000524	-20.543456	0.000000	1.629709	0.000000	0.000000	0.000000
-27.600000	1372.974561	1371.456612	1.517949	1011.960373	380.135572	-20.639333	0.000000	1.517949	0.000000	0.000000	0.000000
-27.400000	1353.833666	1352.424136	1.409531	997.851713	375.309627	-20.737204	0.000000	1.409531	0.000000	0.000000	0.000000
-27.200000	1334.860041	1333.555698	1.304342	983.870465	370.522347	-20.837114	0.000000	1.304342	0.000000	0.000000	0.000000
-27.000000	1316.053381	1314.851086	1.202295	970.016220	365.773955	-20.939089	0.000000	1.202295	0.000000	0.000000	0.000000
-26.800000	1297.411496	1296.308210	1.103287	956.287200	361.064178	-21.043167	0.000000	1.103287	0.000000	0.000000	0.000000
-26.600000	1278.932820	1277.925600	1.007220	942.682102	356.392881	-21.149383	0.000000	1.007220	0.000000	0.000000	0.000000
-26.400000	1260.616636	1259.702622	0.914014	929.200247	351.760137	-21.257762	0.000000	0.914014	0.000000	0.000000	0.000000
-26.200000	1242.460786	1241.637215	0.823571	915.839932	347.165624	-21.368341	0.000000	0.823571	0.000000	0.000000	0.000000
-26.000000	1224.463983	1223.728168	0.735814	902.600079	342.609234	-21.481145	0.000000	0.735814	0.000000	0.000000	0.000000
-25.800000	1206.625043	1205.974386	0.650658	889.479727	338.090859	-21.596200	0.000000	0.650658	0.000000	0.000000	0.000000
-25.600000	1188.941928	1188.373905	0.568023	876.477278	333.610163	-21.713536	0.000000	0.568023	0.000000	0.000000	0.000000
-25.400000	1171.413385	1170.925553	0.487832	863.591744	329.166985	-21.833175	0.000000	0.487832	0.000000	0.000000	0.000000
-25.200000	1154.037927	1153.627916	0.410012	850.821965	324.761090	-21.955140	0.000000	0.410012	0.000000	0.000000	0.000000
-25.000000	1136.814141	1136.479651	0.334489	838.166859	320.392243	-22.079450	0.000000	0.334489	0.000000	0.000000	0.000000
-24.800000	1119.740224	1119.479029	0.261195	825.625067	316.060089	-22.206126	0.000000	0.261195	0.000000	0.000000	0.000000
-24.600000	1102.814895	1102.624832	0.190063	813.195621	311.764391	-22.335181	0.000000	0.190063	0.000000	0.000000	0.000000
-24.400000	1086.036487	1085.915461	0.121026	800.877303	307.504791	-22.466633	0.000000	0.121026	0.000000	0.000000	0.000000
-24.200000	1069.403479	1069.349459	0.054020	788.669000	303.280952	-22.600492	0.000000	0.054020	0.000000	0.000000	0.000000
-24.000000	1052.914303	1052.925317	-0.011015	776.569580	299.092506	-22.736768	0.000000	-0.011015	0.000000	0.000000	0.000000
-23.800000	1036.567563	1036.641699	-0.074136	764.578055	294.939112	-22.875467	0.000000	-0.074136	0.000000	0.000000	0.000000
-23.600000	1020.361380	1020.496787	-0.135407	752.693100	290.820285	-23.016598	0.000000	-0.135407	0.000000	0.000000	0.000000
-23.400000	1004.294779	1004.489655	-0.194876	740.914056	286.735755	-23.160156	0.000000	-0.194876	0.000000	0.000000	0.000000
-23.200000	988.365673	988.618276	-0.252602	729.239470	282.684951	-23.306145	0.000000	-0.252602	0.000000	0.000000	0.000000
-23.000000	972.573109	972.881745	-0.308637	717.668734	278.667570	-23.454558	0.000000	-0.308637	0.000000	0.000000	0.000000
-22.800000	956.914899	957.277929	-0.363030	706.200340	274.682982	-23.605394	0.000000	-0.363030	0.000000	0.000000	0.000000
-22.600000	941.390041	941.805871	-0.415830	694.833664	270.730843	-23.758636	0.000000	-0.415830	0.000000	0.000000	0.000000
-22.400000	925.996945	926.464030	-0.467085	683.567665	266.810640	-23.914275	0.000000	-0.467085	0.000000	0.000000	0.000000
-22.200000	910.733876	911.250718	-0.516842	672.401205	262.921809	-24.072297	0.000000	-0.516842	0.000000	0.000000	0.000000
-22.000000	895.599648	896.164792	-0.565144	661.333557	259.063913	-24.232679	0.000000	-0.565144	0.000000	0.000000	0.000000
-21.800000	880.592646	881.204680	-0.612035	650.363689	255.236391	-24.395400	0.000000	-0.612035	0.000000	0.000000	0.000000
-21.600000	865.711539	866.369094	-0.657555	639.490787	251.438740	-24.560432	0.000000	-0.657555	0.000000	0.000000	0.000000
-21.400000	850.954629	851.656376	-0.701747	628.713777	247.670351	-24.727752	0.000000	-0.701747	0.000000	0.000000	0.000000
-21.200000	836.320686	837.065338	-0.744652	618.031936	243.930727	-24.897325	0.000000	-0.744652	0.000000	0.000000	0.000000
-21.000000	821.808510	822.594813	-0.786303	607.444561	240.219362	-25.069109	0.000000	-0.786303	0.000000	0.000000	0.000000
-20.800000	807.416338	808.243078	-0.826740	596.950550	236.535600	-25.243073	0.000000	-0.826740	0.000000	0.000000	0.000000
-20.600000	793.142997	794.008994	-0.865997	586.549235	232.878928	-25.419169	0.000000	-0.865997	0.000000	0.000000	0.000000
-20.400000	778.987444	779.891555	-0.904110	576.240047	229.248857	-25.597350	0.000000	-0.904110	0.000000	0.000000	0.000000
-20.200000	764.947858	765.888972	-0.941114	566.021850	225.644694	-25.777571	0.000000	-0.941114	0.000000	0.000000	0.000000
-20.000000	751.023490	752.000529	-0.977039	555.894289	222.066014	-25.959774	0.000000	-0.977039	0.000000	0.000000	0.000000
-19.800000	737.213098	738.225015	-1.011917	545.856653	218.512263	-26.143901	0.000000	-1.011917	0.000000	0.000000	0.000000
-19.600000	723.515104	724.560884	-1.045779	535.907983	214.982797	-26.329896	0.000000	-1.045779	0.000000	0.000000	0.000000
-19.400000	709.928559	711.007214	-1.078655	526.047777	211.477130	-26.517693	0.000000	-1.078655	0.000000	0.000000	0.000000
-19.200000	696.452533	697.563106	-1.110573	516.275544	207.994786	-26.707224	0.000000	-1.110573	0.000000	0.000000	0.000000
-19.000000	683.085596	684.227157	-1.141562	506.590422	204.535159	-26.898423	0.000000	-1.141562	0.000000	0.000000	0.000000
-18.800000	669.827021	670.998669	-1.171647	496.992057	201.097823	-27.091211	0.000000	-1.171647	0.000000	0.000000	0.000000
-18.600000	656.675852	657.876708	-1.200856	487.479918	197.682302	-27.285512	0.000000	-1.200856	0.000000	0.000000	0.000000
-18.400000	643.631237	644.860451	-1.229214	478.053545	194.288151	-27.481245	0.000000	-1.229214	0.000000	0.000000	0.000000
-18.200000	630.691970	631.948715	-1.256745	468.712210	190.914836	-27.678331	0.000000	-1.256745	0.000000	0.000000	0.000000
-18.000000	617.857691	619.141163	-1.283472	459.455788	187.562052	-27.876677	0.000000	-1.283472	0.000000	0.000000	0.000000
-17.800000	605.127360	606.436781	-1.309421	450.283648	184.229333	-28.076200	0.000000	-1.309421	0.000000	0.000000	0.000000
-17.600000	592.500217	593.834829	-1.334612	441.195353	180.916283	-28.276808	0.000000	-1.334612	0.000000	0.000000	0.000000
-17.400000	579.975925	581.334993	-1.359067	432.190755	177.622640	-28.478402	0.000000	-1.359067	0.000000	0.000000	0.000000
-17.200000	567.553476	568.936284	-1.382808	423.269207	174.347969	-28.680892	0.000000	-1.382808	0.000000	0.000000	0.000000
-17.000000	555.232925	556.638780	-1.405855	414.430812	171.092141	-28.884172	0.000000	-1.405855	0.000000	0.000000	0.000000
-16.800000	543.013232	544.441460	-1.428228	405.674872	167.854735	-29.088147	0.000000	-1.428228	0.000000	0.000000	0.000000
-16.600000	530.894520	532.344466	-1.449946	397.001500	164.635675	-29.292708	0.000000	-1.449946	0.000000	0.000000	0.000000
-16.400000	518.876135	520.347163	-1.471028	388.410243	161.434674	-29.497754	0.000000	-1.471028	0.000000	0.000000	0.000000
-16.200000	506.957939	508.449430	-1.491491	379.900991	158.251617	-29.703178	0.000000	-1.491491	0.000000	0.000000	0.000000
-16.000000	495.139965	496.651319	-1.511354	371.473743	155.086441	-29.908866	0.000000	-1.511354	0.000000	0.000000	0.000000
-15.800000	483.421559	484.952371	-1.530812	363.128113	151.938972	-30.114714	0.000000	-1.530812	0.000000	0.000000	0.000000
-15.600000	471.803188	473.352906	-1.549717	354.864247	148.809267	-30.320608	0.000000	-1.549717	0.000000	0.000000	0.000000
-15.400000	460.284746	461.852817	-1.568071	346.681971	145.697283	-30.526437	0.000000	-1.568071	0.000000	0.000000	0.000000
-15.200000	448.866365	450.452253	-1.585889	338.581273	142.603068	-30.732088	0.000000	-1.585889	0.000000	0.000000	0.000000
-15.000000	437.548224	439.151409	-1.603185	330.562151	139.526706	-30.937448	0.000000	-1.603185	0.000000	0.000000	0.000000
-14.800000	426.330597	427.950570	-1.619973	322.624654	136.468317	-31.142401	0.000000	-1.619973	0.000000	0.000000	0.000000
-14.600000	415.213756	416.850025	-1.636269	314.768802	133.428058	-31.346835	0.000000	-1.636269	0.000000	0.000000	0.000000
-14.400000	404.198246	405.850332	-1.652086	306.994792	130.406175	-31.550634	0.000000	-1.652086	0.000000	0.000000	0.000000
-14.200000	393.284378	394.951814	-1.667437	299.302638	127.402862	-31.753685	0.000000	-1.667437	0.000000	0.000000	0.000000
-14.000000	382.472766	384.155100	-1.682335	291.692543	124.418432	-31.955875	0.000000	-1.682335	0.000000	0.000000	0.000000
-13.800000	371.764164	373.460955	-1.696792	284.164799	121.453242	-32.157085	0.000000	-1.696792	0.000000	0.000000	0.000000
-13.600000	361.159119	362.869939	-1.710820	276.719522	118.507626	-32.357208	0.000000	-1.710820	0.000000	0.000000	0.000000
-13.400000	350.658274	352.382706	-1.724432	269.356885	115.581955	-32.556134	0.000000	-1.724432	0.000000	0.000000	0.000000
-13.200000	340.262613	342.000251	-1.737639	262.077285	112.676713	-32.753747	0.000000	-1.737639	0.000000	0.000000	0.000000
-13.000000	329.973096	331.723547	-1.750451	254.881084	109.792400	-32.949937	0.000000	-1.750451	0.000000	0.000000	0.000000
-12.800000	319.790500	321.553379	-1.762879	247.768497	106.929481	-33.144599	0.000000	-1.762879	0.000000	0.000000	0.000000
-12.600000	309.715746	311.490680	-1.774934	240.739832	104.088478	-33.337630	0.000000	-1.774934	0.000000	0.000000	0.000000
-12.400000	299.750308	301.536934	-1.786626	233.795767	101.270084	-33.528917	0.000000	-1.786626	0.000000	0.000000	0.000000
-12.200000	289.894845	291.692810	-1.797965	226.936400	98.474775	-33.718365	0.000000	-1.797965	0.000000	0.000000	0.000000
-12.000000	280.150897	281.959856	-1.808959	220.162432	95.703292	-33.905868	0.000000	-1.808959	0.000000	0.000000	0.000000
-11.800000	270.519526	272.339145	-1.819619	213.474223	92.956253	-34.091332	0.000000	-1.819619	0.000000	0.000000	0.000000
-11.600000	261.002016	262.831969	-1.829952	206.872280	90.234346	-34.274658	0.000000	-1.829952	0.000000	0.000000	0.000000
-11.400000	251.599924	253.439893	-1.839968	200.357288	87.538356	-34.455752	0.000000	-1.839968	0.000000	0.000000	0.000000
-11.200000	242.314402	244.164077	-1.849675	193.929651	84.868951	-34.634524	0.000000	-1.849675	0.000000	0.000000	0.000000
-11.000000	233.146908	235.005990	-1.859081	187.589977	82.226902	-34.810889	0.000000	-1.859081	0.000000	0.000000	0.000000
-10.800000	224.098967	225.967161	-1.868194	181.338919	79.613001	-34.984759	0.000000	-1.868194	0.000000	0.000000	0.000000
-10.600000	215.172113	217.049134	-1.877022	175.177134	77.028052	-35.156052	0.000000	-1.877022	0.000000	0.000000	0.000000
-10.400000	206.367880	208.253450	-1.885571	169.105279	74.472862	-35.324690	0.000000	-1.885571	0.000000	0.000000	0.000000
-10.200000	197.687762	199.581611	-1.893849	163.123984	71.948225	-35.490597	0.000000	-1.893849	0.000000	0.000000	0.000000
-10.000000	189.133657	191.035520	-1.901863	157.234159	69.455057	-35.653697	0.000000	-1.901863	0.000000	0.000000	0.000000
-9.800000	180.706849	182.616469	-1.909620	151.436296	66.994099	-35.813926	0.000000	-1.909620	0.000000	0.000000	0.000000
-9.600000	172.409288	174.326413	-1.917126	145.731348	64.566281	-35.971215	0.000000	-1.917126	0.000000	0.000000	0.000000
-9.400000	164.242459	166.166846	-1.924387	140.119956	62.172393	-36.125503	0.000000	-1.924387	0.000000	0.000000	0.000000
-9.200000	156.208260	158.139670	-1.931409	134.603050	59.813349	-36.276729	0.000000	-1.931409	0.000000	0.000000	0.000000
-9.000000	148.308291	150.246490	-1.938199	129.181364	57.489966	-36.424840	0.000000	-1.938199	0.000000	0.000000	0.000000
-8.800000	140.544370	142.489132	-1.944762	123.855791	55.203123	-36.569782	0.000000	-1.944762	0.000000	0.000000	0.000000
-8.600000	132.918280	134.869383	-1.951103	118.627209	52.953682	-36.711508	0.000000	-1.951103	0.000000	0.000000	0.000000
-8.400000	125.431752	127.388980	-1.957229	113.496473	50.742480	-36.849972	0.000000	-1.957229	0.000000	0.000000	0.000000
-8.200000	118.086642	120.049785	-1.963143	108.464533	48.570384	-36.985133	0.000000	-1.963143	0.000000	0.000000	0.000000
-8.000000	110.884686	112.853538	-1.968851	103.532273	46.438218	-37.116953	0.000000	-1.968851	0.000000	0.000000	0.000000
-7.800000	103.827622	105.801981	-1.974359	98.700588	44.346795	-37.245401	0.000000	-1.974359	0.000000	0.000000	0.000000
-7.600000	96.917391	98.897060	-1.979670	93.970526	42.296976	-37.370442	0.000000	-1.979670	0.000000	0.000000	0.000000
-7.400000	90.155807	92.140595	-1.984789	89.343068	40.289577	-37.492050	0.000000	-1.984789	0.000000	0.000000	0.000000
-7.200000	83.544595	85.534315	-1.989720	84.819144	38.325372	-37.610201	0.000000	-1.989720	0.000000	0.000000	0.000000
-7.000000	77.085583	79.080051	-1.994468	80.399772	36.405155	-37.724876	0.000000	-1.994468	0.000000	0.000000	0.000000
-6.800000	70.780592	72.779628	-1.999037	76.085982	34.529703	-37.836057	0.000000	-1.999037	0.000000	0.000000	0.000000
-6.600000	64.631375	66.634805	-2.003430	71.878775	32.699761	-37.943730	0.000000	-2.003430	0.000000	0.000000	0.000000
-6.400000	58.639783	60.647435	-2.007652	67.779233	30.916087	-38.047885	0.000000	-2.007652	0.000000	0.000000	0.000000
-6.200000	52.807452	54.819158	-2.011706	63.788310	29.179364	-38.148516	0.000000	-2.011706	0.000000	0.000000	0.000000
-6.000000	47.136364	49.151959	-2.015595	59.907216	27.490359	-38.245616	0.000000	-2.015595	0.000000	0.000000	0.000000
-5.800000	41.628185	43.647509	-2.019324	56.136961	25.849734	-38.339185	0.000000	-2.019324	0.000000	0.000000	0.000000
-5.600000	36.284592	38.307486	-2.022895	52.478577	24.258135	-38.429226	0.000000	-2.022895	0.000000	0.000000	0.000000
-5.400000	31.107420	33.133731	-2.026311	48.933229	22.716244	-38.515741	0.000000	-2.026311	0.000000	0.000000	0.000000
-5.200000	26.098301	28.127877	-2.029576	45.501954	21.224663	-38.598740	0.000000	-2.029576	0.000000	0.000000	0.000000
-5.000000	21.259001	23.291693	-2.032692	42.185903	19.784022	-38.678232	0.000000	-2.032692	0.000000	0.000000	0.000000
-4.800000	16.591143	18.626806	-2.035662	38.986144	18.394891	-38.754230	0.000000	-2.035662	0.000000	0.000000	0.000000
-4.600000	12.096472	14.134962	-2.038490	35.903848	17.057862	-38.826748	0.000000	-2.038490	0.000000	0.000000	0.000000
-4.400000	7.776525	9.817701	-2.041177	32.940059	15.773447	-38.895805	0.000000	-2.041177	0.000000	0.000000	0.000000
-4.200000	3.633048	5.676773	-2.043725	30.095984	14.542209	-38.961420	0.000000	-2.043725	0.000000	0.000000	0.000000
-4.000000	-0.332437	1.713701	-2.046138	27.372690	13.364627	-39.023616	0.000000	-2.046138	0.000000	0.000000	0.000000
-3.800000	-4.118295	-2.069877	-2.048418	24.771341	12.241199	-39.082417	0.000000	-2.048418	0.000000	0.000000	0.000000
-3.600000	-7.722999	-5.672432	-2.050567	22.293040	11.172376	-39.137848	0.000000	-2.050567	0.000000	0.000000	0.000000
-3.400000	-11.145004	-9.092417	-2.052586	19.938920	10.158602	-39.189940	0.000000	-2.052586	0.000000	0.000000	0.000000
-3.200000	-14.382780	-12.328301	-2.054478	17.710119	9.200300	-39.238720	0.000000	-2.054478	0.000000	0.000000	0.000000
-3.000000	-17.434818	-15.378573	-2.056245	15.607774	8.297875	-39.284222	0.000000	-2.056245	0.000000	0.000000	0.000000
-2.800000	-20.299676	-18.241788	-2.057888	13.632993	7.451697	-39.326479	0.000000	-2.057888	0.000000	0.000000	0.000000
-2.600000	-22.975878	-20.916468	-2.059410	11.786919	6.662137	-39.365524	0.000000	-2.059410	0.000000	0.000000	0.000000
-2.400000	-25.462022	-23.401210	-2.060811	10.070658	5.929527	-39.401396	0.000000	-2.060811	0.000000	0.000000	0.000000
-2.200000	-27.756685	-25.694592	-2.062094	8.485343	5.254197	-39.434131	0.000000	-2.062094	0.000000	0.000000	0.000000
-2.000000	-29.858530	-27.795271	-2.063259	7.032060	4.636438	-39.463769	0.000000	-2.063259	0.000000	0.000000	0.000000
-1.800000	-31.766176	-29.701867	-2.064308	5.711938	4.076544	-39.490350	0.000000	-2.064308	0.000000	0.000000	0.000000
-1.600000	-33.478313	-31.413070	-2.065243	4.526067	3.574778	-39.513914	0.000000	-2.065243	0.000000	0.000000	0.000000
-1.400000	-34.993651	-32.927587	-2.066064	3.475533	3.131385	-39.534505	0.000000	-2.066064	0.000000	0.000000	0.000000
-1.200000	-36.310920	-34.244147	-2.066773	2.561420	2.746598	-39.552165	0.000000	-2.066773	0.000000	0.000000	0.000000
-1.000000	-37.428847	-35.361478	-2.067370	1.784820	2.420640	-39.566938	0.000000	-2.067370	0.000000	0.000000	0.000000
-0.800000	-38.346237	-36.278380	-2.067856	1.146783	2.153705	-39.578868	0.000000	-2.067856	0.000000	0.000000	0.000000
-0.600000	-39.061893	-36.993660	-2.068233	0.648365	1.945976	-39.588002	0.000000	-2.068233	0.000000	0.000000	0.000000
-0.400000	-39.574641	-37.506140	-2.068501	0.290616	1.797627	-39.594384	0.000000	-2.068501	0.000000	0.000000	0.000000
-0.200000	-39.883341	-37.814680	-2.068661	0.074567	1.708814	-39.598061	0.000000	-2.068661	0.000000	0.000000	0.000000
0.000000	-39.986878	-37.918165	-2.068714	0.001236	1.679679	-39.599079	0.000000	-2.068714	0.000000	0.000000	0.000000
0.200000	-39.884161	-37.815502	-2.068659	0.071632	1.710353	-39.597487	0.000000	-2.068659	0.000000	0.000000	0.000000
0.400000	-39.574129	-37.505632	-2.068497	0.286746	1.800953	-39.593331	0.000000	-2.068497	0.000000	0.000000	0.000000
0.600000	-39.055740	-36.987511	-2.068230	0.647558	1.951589	-39.586658	0.000000	-2.068230	0.000000	0.000000	0.000000
0.800000	-38.327977	-36.260121	-2.067856	1.155036	2.162359	-39.577517	0.000000	-2.067856	0.000000	0.000000	0.000000
1.000000	-37.389872	-35.322495	-2.067377	1.810115	2.433345	-39.565955	0.000000	-2.067377	0.000000	0.000000	0.000000
1.200000	-36.240451	-34.173658	-2.066793	2.613734	2.764628	-39.552020	0.000000	-2.066793	0.000000	0.000000	0.000000
1.400000	-34.878773	-32.812670	-2.066103	3.566811	3.156280	-39.535761	0.000000	-2.066103	0.000000	0.000000	0.000000
1.600000	-33.303937	-31.238630	-2.065307	4.670234	3.608360	-39.517224	0.000000	-2.065307	0.000000	0.000000	0.000000
1.800000	-31.515062	-29.450656	-2.064406	5.924879	4.120923	-39.496457	0.000000	-2.064406	0.000000	0.000000	0.000000
2.000000	-29.511278	-27.447878	-2.063400	7.331611	4.694020	-39.473509	0.000000	-2.063400	0.000000	0.000000	0.000000
2.200000	-27.291763	-25.229475	-2.062288	8.891259	5.327691	-39.448426	0.000000	-2.062288	0.000000	0.000000	0.000000
2.400000	-24.855681	-22.794611	-2.061070	10.604659	6.021985	-39.421255	0.000000	-2.061070	0.000000	0.000000	0.000000
2.600000	-22.202276	-20.142531	-2.059745	12.472585	6.776926	-39.392043	0.000000	-2.059745	0.000000	0.000000	0.000000
2.800000	-19.330806	-17.272492	-2.058314	14.495801	7.592543	-39.360837	0.000000	-2.058314	0.000000	0.000000	0.000000
3.000000	-16.240453	-14.183678	-2.056775	16.675116	8.468888	-39.327682	0.000000	-2.056775	0.000000	0.000000	0.000000
3.200000	-12.930592	-10.875464	-2.055129	19.011196	9.405965	-39.292625	0.000000	-2.055129	0.000000	0.000000	0.000000
3.400000	-9.400478	-7.347105	-2.053374	21.504787	10.403817	-39.255709	0.000000	-2.053374	0.000000	0.000000	0.000000
3.600000	-5.649482	-3.597973	-2.051509	24.156547	11.462462	-39.216982	0.000000	-2.051509	0.000000	0.000000	0.000000
3.800000	-1.676966	0.372570	-2.049535	26.967129	12.581926	-39.176486	0.000000	-2.049535	0.000000	0.000000	0.000000
4.000000	2.517758	4.565208	-2.047450	29.937212	13.762261	-39.134264	0.000000	-2.047450	0.000000	0.000000	0.000000
4.200000	6.935158	8.980412	-2.045253	33.067314	15.003461	-39.090363	0.000000	-2.045253	0.000000	0.000000	0.000000
4.400000	11.575974	13.618917	-2.042944	36.358130	16.305609	-39.044821	0.000000	-2.042944	0.000000	0.000000	0.000000
4.600000	16.440550	18.481070	-2.040520	39.810070	17.668686	-38.997685	0.000000	-2.040520	0.000000	0.000000	0.000000
4.800000	21.529571	23.567553	-2.037982	43.423768	19.092778	-38.948993	0.000000	-2.037982	0.000000	0.000000	0.000000
5.000000	26.843580	28.878907	-2.035328	47.199747	20.577948	-38.898787	0.000000	-2.035328	0.000000	0.000000	0.000000
5.200000	32.382928	34.415483	-2.032555	51.138378	22.124213	-38.847108	0.000000	-2.032555	0.000000	0.000000	0.000000
5.400000	38.148058	40.177723	-2.029664	55.240092	23.731627	-38.793996	0.000000	-2.029664	0.000000	0.000000	0.000000
5.600000	44.139565	46.166218	-2.026653	59.505402	25.400305	-38.739488	0.000000	-2.026653	0.000000	0.000000	0.000000
5.800000	50.357789	52.381308	-2.023520	63.934632	27.130301	-38.683625	0.000000	-2.023520	0.000000	0.000000	0.000000
6.000000	56.803072	58.823334	-2.020263	68.528091	28.921688	-38.626444	0.000000	-2.020263	0.000000	0.000000	0.000000
6.200000	63.475862	65.492743	-2.016881	73.286142	30.774583	-38.567982	0.000000	-2.016881	0.000000	0.000000	0.000000
6.400000	70.376531	72.389902	-2.013372	78.209080	32.689097	-38.508275	0.000000	-2.013372	0.000000	0.000000	0.000000
6.600000	77.505413	79.515147	-2.009734	83.297161	34.665346	-38.447360	0.000000	-2.009734	0.000000	0.000000	0.000000
6.800000	84.862813	86.868778	-2.005965	88.550590	36.703459	-38.385272	0.000000	-2.005965	0.000000	0.000000	0.000000
7.000000	92.449020	94.451083	-2.002063	93.969545	38.803583	-38.322045	0.000000	-2.002063	0.000000	0.000000	0.000000
7.200000	100.264322	102.262348	-1.998027	99.554191	40.965870	-38.257713	0.000000	-1.998027	0.000000	0.000000	0.000000
7.400000	108.308980	110.302833	-1.993853	105.304648	43.190495	-38.192309	0.000000	-1.993853	0.000000	0.000000	0.000000
7.600000	116.583242	118.572781	-1.989540	111.220999	45.477649	-38.125867	0.000000	-1.989540	0.000000	0.000000	0.000000
7.800000	125.087441	127.072526	-1.985084	117.303375	47.827567	-38.058417	0.000000	-1.985084	0.000000	0.000000	0.000000
8.000000	133.821682	135.802166	-1.980485	123.551722	50.240435	-37.989990	0.000000	-1.980485	0.000000	0.000000	0.000000
8.200000	142.786087	144.761826	-1.975739	129.965975	52.716471	-37.920620	0.000000	-1.975739	0.000000	0.000000	0.000000
8.400000	151.981003	153.951846	-1.970843	136.546195	55.255984	-37.850333	0.000000	-1.970843	0.000000	0.000000	0.000000
8.600000	161.406519	163.372313	-1.965794	143.292240	57.859233	-37.779160	0.000000	-1.965794	0.000000	0.000000	0.000000
8.800000	171.062913	173.023504	-1.960591	150.204083	60.526549	-37.707128	0.000000	-1.960591	0.000000	0.000000	0.000000
9.000000	180.950080	182.905309	-1.955229	157.281401	63.258175	-37.634267	0.000000	-1.955229	0.000000	0.000000	0.000000
9.200000	191.068084	193.017791	-1.949707	164.523964	66.054432	-37.560605	0.000000	-1.949707	0.000000	0.000000	0.000000
9.400000	201.417578	203.361598	-1.944019	171.931921	68.915842	-37.486165	0.000000	-1.944019	0.000000	0.000000	0.000000
9.600000	211.998028	213.936193	-1.938165	179.504562	71.842608	-37.410977	0.000000	-1.938165	0.000000	0.000000	0.000000
9.800000	222.809772	224.741911	-1.932139	187.241757	74.835219	-37.335064	0.000000	-1.932139	0.000000	0.000000	0.000000
10.000000	233.852997	235.778936	-1.925939	195.143270	77.894117	-37.258452	0.000000	-1.925939	0.000000	0.000000	0.000000
10.200000	245.127429	247.046990	-1.919561	203.208483	81.019673	-37.181166	0.000000	-1.919561	0.000000	0.000000	0.000000
10.400000	256.633422	258.546423	-1.913001	211.437192	84.212458	-37.103227	0.000000	-1.913001	0.000000	0.000000	0.000000
10.600000	268.370828	270.277082	-1.906255	219.828815	87.472929	-37.024661	0.000000	-1.906255	0.000000	0.000000	0.000000
10.800000	280.339948	282.239268	-1.899320	228.383073	90.801683	-36.945488	0.000000	-1.899320	0.000000	0.000000	0.000000
11.000000	292.540214	294.432405	-1.892191	237.099016	94.199122	-36.865734	0.000000	-1.892191	0.000000	0.000000	0.000000
11.200000	304.972128	306.856992	-1.884864	245.976435	97.665973	-36.785416	0.000000	-1.884864	0.000000	0.000000	0.000000
11.400000	317.635616	319.512952	-1.877336	255.014689	101.202819	-36.704556	0.000000	-1.877336	0.000000	0.000000	0.000000
11.600000	330.530495	332.400095	-1.869601	264.212990	104.810282	-36.623176	0.000000	-1.869601	0.000000	0.000000	0.000000
11.800000	343.656828	345.518482	-1.861654	273.570749	108.489027	-36.541295	0.000000	-1.861654	0.000000	0.000000	0.000000
12.000000	357.014515	358.868007	-1.853492	283.087156	112.239782	-36.458931	0.000000	-1.853492	0.000000	0.000000	0.000000
12.200000	370.603409	372.448518	-1.845109	292.761438	116.063186	-36.376106	0.000000	-1.845109	0.000000	0.000000	0.000000
12.400000	384.423777	386.260277	-1.836501	302.592980	119.960133	-36.292835	0.000000	-1.836501	0.000000	0.000000	0.000000
12.600000	398.475552	400.303214	-1.827661	312.580974	123.931376	-36.209136	0.000000	-1.827661	0.000000	0.000000	0.000000
12.800000	412.758335	414.576921	-1.818586	322.724269	127.977680	-36.125028	0.000000	-1.818586	0.000000	0.000000	0.000000
13.000000	427.272194	429.081464	-1.809269	333.022113	132.099879	-36.040528	0.000000	-1.809269	0.000000	0.000000	0.000000
13.200000	442.016849	443.816555	-1.799705	343.473368	136.298840	-35.955653	0.000000	-1.799705	0.000000	0.000000	0.000000
13.400000	456.992836	458.782725	-1.789888	354.077491	140.575650	-35.870416	0.000000	-1.789888	0.000000	0.000000	0.000000
13.600000	472.199360	473.979173	-1.779813	364.832956	144.931053	-35.784836	0.000000	-1.779813	0.000000	0.000000	0.000000
13.800000	487.636897	489.406370	-1.769473	375.739142	149.366153	-35.698925	0.000000	-1.769473	0.000000	0.000000	0.000000
14.000000	503.304855	505.063717	-1.758861	386.794577	153.881840	-35.612701	0.000000	-1.758861	0.000000	0.000000	0.000000
14.200000	519.203435	520.951407	-1.747972	397.998316	158.479267	-35.526175	0.000000	-1.747972	0.000000	0.000000	0.000000
14.400000	535.332379	537.069179	-1.736800	409.349150	163.159394	-35.439365	0.000000	-1.736800	0.000000	0.000000	0.000000
14.600000	551.691995	553.417331	-1.725336	420.846108	167.923501	-35.352279	0.000000	-1.725336	0.000000	0.000000	0.000000
14.800000	568.281816	569.995390	-1.713574	432.487766	172.772559	-35.264934	0.000000	-1.713574	0.000000	0.000000	0.000000
15.000000	585.101571	586.803079	-1.701508	444.272718	177.707704	-35.177344	0.000000	-1.701508	0.000000	0.000000	0.000000
15.200000	602.151296	603.840425	-1.689129	456.199741	182.730203	-35.089518	0.000000	-1.689129	0.000000	0.000000	0.000000
15.400000	619.431062	621.107492	-1.676430	468.267666	187.841297	-35.001470	0.000000	-1.676430	0.000000	0.000000	0.000000
15.600000	636.940412	638.603816	-1.663404	480.474867	193.042162	-34.913213	0.000000	-1.663404	0.000000	0.000000	0.000000
15.800000	654.679361	656.329403	-1.650043	492.820070	198.334089	-34.824756	0.000000	-1.650043	0.000000	0.000000	0.000000
16.000000	672.648418	674.284755	-1.636337	505.302304	203.718560	-34.736109	0.000000	-1.636337	0.000000	0.000000	0.000000
16.200000	690.846394	692.468674	-1.622280	517.919365	209.196597	-34.647288	0.000000	-1.622280	0.000000	0.000000	0.000000
16.400000	709.273763	710.881624	-1.607861	530.670109	214.769812	-34.558298	0.000000	-1.607861	0.000000	0.000000	0.000000
16.600000	727.930667	729.523740	-1.593073	543.553333	220.439558	-34.469151	0.000000	-1.593073	0.000000	0.000000	0.000000
16.800000	746.816252	748.394157	-1.577906	556.566890	226.207125	-34.379858	0.000000	-1.577906	0.000000	0.000000	0.000000
17.000000	765.931002	767.493354	-1.562351	569.709810	232.073972	-34.290428	0.000000	-1.562351	0.000000	0.000000	0.000000
17.200000	785.274276	786.820674	-1.546398	582.979927	238.041618	-34.200871	0.000000	-1.546398	0.000000	0.000000	0.000000
17.400000	804.846421	806.376459	-1.530038	596.376181	244.111472	-34.111194	0.000000	-1.530038	0.000000	0.000000	0.000000
17.600000	824.647257	826.160517	-1.513260	609.896828	250.285097	-34.021408	0.000000	-1.513260	0.000000	0.000000	0.000000
17.800000	844.676277	846.172331	-1.496054	623.539950	256.563901	-33.931520	0.000000	-1.496054	0.000000	0.000000	0.000000
18.000000	864.933787	866.412196	-1.478409	637.304163	262.949570	-33.841538	0.000000	-1.478409	0.000000	0.000000	0.000000
18.200000	885.419202	886.879517	-1.460315	651.187644	269.443347	-33.751473	0.000000	-1.460315	0.000000	0.000000	0.000000
18.400000	906.132733	907.574492	-1.441759	665.188790	276.047032	-33.661330	0.000000	-1.441759	0.000000	0.000000	0.000000
18.600000	927.074068	928.496799	-1.422731	679.305813	282.762104	-33.571118	0.000000	-1.422731	0.000000	0.000000	0.000000
18.800000	948.243455	949.646674	-1.403219	693.537287	289.590229	-33.480841	0.000000	-1.403219	0.000000	0.000000	0.000000
19.000000	969.639948	971.023158	-1.383210	707.880951	296.532719	-33.390512	0.000000	-1.383210	0.000000	0.000000	0.000000
19.200000	991.264029	992.626720	-1.362691	722.335457	303.591396	-33.300133	0.000000	-1.362691	0.000000	0.000000	0.000000
19.400000	1013.115526	1014.457177	-1.341651	736.899123	310.767766	-33.209712	0.000000	-1.341651	0.000000	0.000000	0.000000
19.600000	1035.194184	1036.514260	-1.320076	751.570229	318.063287	-33.119256	0.000000	-1.320076	0.000000	0.000000	0.000000
19.800000	1057.499458	1058.797409	-1.297952	766.346580	325.479601	-33.028771	0.000000	-1.297952	0.000000	0.000000	0.000000
20.000000	1080.031473	1081.306738	-1.275265	781.226814	333.018190	-32.938265	0.000000	-1.275265	0.000000	0.000000	0.000000
20.200000	1102.789742	1104.041744	-1.252002	796.208842	340.680643	-32.847742	0.000000	-1.252002	0.000000	0.000000	0.000000
20.400000	1125.774872	1127.003018	-1.228147	811.291578	348.468646	-32.757205	0.000000	-1.228147	0.000000	0.000000	0.000000
20.600000	1148.985873	1150.189558	-1.203685	826.472712	356.383510	-32.666664	0.000000	-1.203685	0.000000	0.000000	0.000000
20.800000	1172.422392	1173.600995	-1.178603	841.750572	364.426548	-32.576124	0.000000	-1.178603	0.000000	0.000000	0.000000
21.000000	1196.085091	1197.237972	-1.152881	857.123856	372.599702	-32.485587	0.000000	-1.152881	0.000000	0.000000	0.000000
21.200000	1219.972932	1221.099438	-1.126506	872.590409	380.904088	-32.395059	0.000000	-1.126506	0.000000	0.000000	0.000000
21.400000	1244.086099	1245.185558	-1.099459	888.148817	389.341286	-32.304544	0.000000	-1.099459	0.000000	0.000000	0.000000
21.600000	1268.423639	1269.495365	-1.071726	903.797041	397.912375	-32.214050	0.000000	-1.071726	0.000000	0.000000	0.000000
21.800000	1292.985806	1294.029092	-1.043287	919.533813	406.618858	-32.123579	0.000000	-1.043287	0.000000	0.000000	0.000000
22.000000	1317.772264	1318.786388	-1.014124	935.357402	415.462119	-32.033133	0.000000	-1.014124	0.000000	0.000000	0.000000
22.200000	1342.782859	1343.767077	-0.984218	951.266291	424.443502	-31.942716	0.000000	-0.984218	0.000000	0.000000	0.000000
22.400000	1368.016279	1368.969830	-0.953552	967.258312	433.563853	-31.852335	0.000000	-0.953552	0.000000	0.000000	0.000000
22.600000	1393.473405	1394.395509	-0.922104	983.332852	442.824645	-31.761988	0.000000	-0.922104	0.000000	0.000000	0.000000
22.800000	1419.153063	1420.042919	-0.889856	999.487805	452.226794	-31.671680	0.000000	-0.889856	0.000000	0.000000	0.000000
23.000000	1445.054726	1445.911513	-0.856787	1015.721601	461.771326	-31.581415	0.000000	-0.856787	0.000000	0.000000	0.000000
23.200000	1471.178539	1472.001413	-0.822875	1032.033193	471.459411	-31.491190	0.000000	-0.822875	0.000000	0.000000	0.000000
23.400000	1497.523561	1498.311659	-0.788099	1048.420910	481.291759	-31.401009	0.000000	-0.788099	0.000000	0.000000	0.000000
23.600000	1524.089309	1524.841744	-0.752436	1064.883333	491.269283	-31.310871	0.000000	-0.752436	0.000000	0.000000	0.000000
23.800000	1550.875412	1551.591275	-0.715863	1081.419227	501.392823	-31.220775	0.000000	-0.715863	0.000000	0.000000	0.000000
24.000000	1577.881017	1578.559375	-0.678357	1098.027176	511.662917	-31.130718	0.000000	-0.678357	0.000000	0.000000	0.000000
24.200000	1605.106393	1605.746288	-0.639895	1114.706545	522.080438	-31.040695	0.000000	-0.639895	0.000000	0.000000	0.000000
24.400000	1632.550090	1633.150539	-0.600449	1131.455453	532.645787	-30.950700	0.000000	-0.600449	0.000000	0.000000	0.000000
24.600000	1660.210816	1660.770813	-0.559997	1148.272410	543.359129	-30.860726	0.000000	-0.559997	0.000000	0.000000	0.000000
24.800000	1688.089429	1688.607940	-0.518511	1165.157473	554.221221	-30.770754	0.000000	-0.518511	0.000000	0.000000	0.000000
25.000000	1716.184750	1716.660714	-0.475964	1182.109105	565.232373	-30.680764	0.000000	-0.475964	0.000000	0.000000	0.000000
25.200000	1744.494799	1744.927128	-0.432329	1199.125570	576.392288	-30.590731	0.000000	-0.432329	0.000000	0.000000	0.000000
25.400000	1773.020373	1773.407952	-0.387579	1216.207149	587.701411	-30.500608	0.000000	-0.387579	0.000000	0.000000	0.000000
25.600000	1801.760232	1802.101915	-0.341683	1233.352540	599.159709	-30.410334	0.000000	-0.341683	0.000000	0.000000	0.000000
25.800000	1830.713196	1831.007808	-0.294612	1250.560851	610.766775	-30.319818	0.000000	-0.294612	0.000000	0.000000	0.000000
26.000000	1859.878431	1860.124766	-0.246335	1267.831159	622.522520	-30.228913	0.000000	-0.246335	0.000000	0.000000	0.000000
26.200000	1889.255229	1889.452052	-0.196822	1285.163141	634.426304	-30.137393	0.000000	-0.196822	0.000000	0.000000	0.000000
26.400000	1918.843374	1918.989411	-0.146038	1302.556218	646.478066	-30.044873	0.000000	-0.146038	0.000000	0.000000	0.000000
26.600000	1948.640842	1948.734795	-0.093953	1320.009344	658.676131	-29.950680	0.000000	-0.093953	0.000000	0.000000	0.000000
26.800000	1978.649012	1978.689541	-0.040530	1337.522910	671.020160	-29.853529	0.000000	-0.040530	0.000000	0.000000	0.000000
27.000000	2008.867290	2008.853026	0.014265	1355.095848	683.507930	-29.750752	0.000000	0.014265	0.000000	0.000000	0.000000
27.200000	2039.299105	2039.228640	0.070465	1372.728076	696.136548	-29.635983	0.000000	0.070465	0.000000	0.000000	0.000000
27.400000	2069.956981	2069.828870	0.128111	1390.419272	708.900476	-29.490878	0.000000	0.128111	0.000000	0.000000	0.000000
27.600000	2100.897521	2100.710282	0.187239	1408.169493	721.784042	-29.243253	0.000000	0.187239	0.000000	0.000000	0.000000
27.800000	2132.569598	2132.321710	0.247887	1425.978387	734.715828	-28.372505	0.000000	0.247887	0.000000	0.000000	0.000000
28.000000	2164.188145	2163.878048	0.310097	1443.845564	746.132263	-26.099779	0.000000	0.310097	0.000000	0.000000	0.000000
28.200000	2185.212610	2184.838701	0.373908	1461.772004	746.760829	-23.694132	0.000000	0.373908	0.000000	0.000000	0.000000
28.400000	2203.268692	2202.829327	0.439365	1479.757278	745.910740	-22.838691	0.000000	0.439365	0.000000	0.000000	0.000000
28.600000	2220.823191	2220.316686	0.506505	1497.801667	745.109588	-22.594570	0.000000	0.506505	0.000000	0.000000	0.000000
28.800000	2238.456884	2237.881505	0.575378	1515.905334	744.427792	-22.451620	0.000000	0.575378	0.000000	0.000000	0.000000
29.000000	2256.256058	2255.610029	0.646029	1534.068198	743.880650	-22.338820	0.000000	0.646029	0.000000	0.000000	0.000000
29.200000	2274.245776	2273.527273	0.718504	1552.291584	743.473789	-22.238100	0.000000	0.718504	0.000000	0.000000	0.000000
29.400000	2292.435438	2291.642588	0.792849	1570.575825	743.209955	-22.143192	0.000000	0.792849	0.000000	0.000000	0.000000
29.600000	2310.829236	2309.960119	0.869117	1588.920867	743.090717	-22.051465	0.000000	0.869117	0.000000	0.000000	0.000000
29.800000	2329.430409	2328.483053	0.947356	1607.327592	743.117111	-21.961650	0.000000	0.947356	0.000000	0.000000	0.000000
30.000000	2348.241193	2347.213574	1.027618	1625.796844	743.289820	-21.873090	0.000000	1.027618	0.000000	0.000000	0.000000
30.200000	2367.263199	2366.153241	1.109958	1644.329339	743.609302	-21.785401	0.000000	1.109958	0.000000	0.000000	0.000000
30.400000	2386.497965	2385.303535	1.194431	1662.926053	744.075842	-21.698360	0.000000	1.194431	0.000000	0.000000	0.000000
30.600000	2405.946590	2404.665499	1.281091	1681.587755	744.689568	-21.611824	0.000000	1.281091	0.000000	0.000000	0.000000
30.800000	2425.610212	2424.240215	1.369997	1700.315428	745.450489	-21.525701	0.000000	1.369997	0.000000	0.000000	0.000000
31.000000	2445.488942	2444.027734	1.461208	1719.109210	746.358456	-21.439932	0.000000	1.461208	0.000000	0.000000	0.000000
31.200000	2465.585164	2464.030378	1.554787	1737.971543	747.413304	-21.354469	0.000000	1.554787	0.000000	0.000000	0.000000
31.400000	2485.899662	2484.248866	1.650796	1756.903448	748.614702	-21.269284	0.000000	1.650796	0.000000	0.000000	0.000000
31.600000	2506.432876	2504.683578	1.749298	1775.905728	749.962206	-21.184356	0.000000	1.749298	0.000000	0.000000	0.000000
31.800000	2527.184938	2525.334579	1.850359	1794.978994	751.455257	-21.099672	0.000000	1.850359	0.000000	0.000000	0.000000
32.000000	2548.158059	2546.204012	1.954047	1814.125926	753.093305	-21.015219	0.000000	1.954047	0.000000	0.000000	0.000000
32.200000	2569.351900	2567.291467	2.060433	1833.346833	754.875622	-20.930988	0.000000	2.060433	0.000000	0.000000	0.000000
32.400000	2590.767768	2588.598181	2.169586	1852.643745	756.801411	-20.846975	0.000000	2.169586	0.000000	0.000000	0.000000
32.600000	2612.406579	2610.124992	2.281587	1872.018278	758.869887	-20.763173	0.000000	2.281587	0.000000	0.000000	0.000000
32.800000	2634.268328	2631.871824	2.396504	1891.471403	761.080004	-20.679583	0.000000	2.396504	0.000000	0.000000	0.000000
33.000000	2656.353744	2653.839330	2.514414	1911.004788	763.430744	-20.596202	0.000000	2.514414	0.000000	0.000000	0.000000
33.200000	2678.663697	2676.028296	2.635402	1930.620260	765.921064	-20.513028	0.000000	2.635402	0.000000	0.000000	0.000000
33.400000	2701.198713	2698.439167	2.759546	1950.319446	768.549782	-20.430061	0.000000	2.759546	0.000000	0.000000	0.000000
33.600000	2723.959107	2721.072177	2.886930	1970.103844	771.315635	-20.347301	0.000000	2.886930	0.000000	0.000000	0.000000
33.800000	2746.946091	2743.928449	3.017643	1989.975776	774.217420	-20.264748	0.000000	3.017643	0.000000	0.000000	0.000000
34.000000	2770.159547	2767.007775	3.151772	2009.936449	777.253728	-20.182402	0.000000	3.151772	0.000000	0.000000	0.000000
34.200000	2793.600035	2790.310628	3.289407	2029.987766	780.423128	-20.100265	0.000000	3.289407	0.000000	0.000000	0.000000
34.400000	2817.268157	2813.837514	3.430642	2050.131643	783.724210	-20.018338	0.000000	3.430642	0.000000	0.000000	0.000000
34.600000	2841.164563	2837.588988	3.575575	2070.370133	787.155476	-19.936622	0.000000	3.575575	0.000000	0.000000	0.000000
34.800000	2865.289150	2861.564848	3.724302	2090.704646	790.715320	-19.855118	0.000000	3.724302	0.000000	0.000000	0.000000
35.000000	2889.642270	2885.765347	3.876923	2111.137053	794.402123	-19.773829	0.000000	3.876923	0.000000	0.000000	0.000000
35.200000	2914.225140	2910.191594	4.033547	2131.669962	798.214385	-19.692753	0.000000	4.033547	0.000000	0.000000	0.000000
35.400000	2939.037666	2934.843387	4.194279	2152.304906	802.150376	-19.611894	0.000000	4.194279	0.000000	0.000000	0.000000
35.600000	2964.080389	2959.721165	4.359224	2173.044062	806.208358	-19.531255	0.000000	4.359224	0.000000	0.000000	0.000000
35.800000	2989.353583	2984.825081	4.528502	2193.889249	810.386667	-19.450835	0.000000	4.528502	0.000000	0.000000	0.000000
36.000000	3014.857628	3010.155403	4.702225	2214.842520	814.683521	-19.370637	0.000000	4.702225	0.000000	0.000000	0.000000
36.200000	3040.592338	3035.711830	4.880508	2235.905448	819.097047	-19.290664	0.000000	4.880508	0.000000	0.000000	0.000000
36.400000	3066.559676	3061.496195	5.063482	2257.081399	823.625711	-19.210915	0.000000	5.063482	0.000000	0.000000	0.000000
36.600000	3092.757830	3087.506568	5.251262	2278.370583	828.267381	-19.131396	0.000000	5.251262	0.000000	0.000000	0.000000
36.800000	3119.188059	3113.744077	5.443982	2299.775823	833.020361	-19.052107	0.000000	5.443982	0.000000	0.000000	0.000000
37.000000	3145.851988	3140.210209	5.641779	2321.300245	837.883011	-18.973047	0.000000	5.641779	0.000000	0.000000	0.000000
37.200000	3172.747977	3166.903197	5.844780	2342.944240	842.853181	-18.894223	0.000000	5.844780	0.000000	0.000000	0.000000
37.400000	3199.877230	3193.824100	6.053130	2364.710565	847.929170	-18.815635	0.000000	6.053130	0.000000	0.000000	0.000000
37.600000	3227.239667	3220.972701	6.266966	2386.600962	853.109025	-18.737285	0.000000	6.266966	0.000000	0.000000	0.000000
37.800000	3254.836184	3248.349745	6.486439	2408.617929	858.390992	-18.659176	0.000000	6.486439	0.000000	0.000000	0.000000
38.000000	3282.666713	3275.955010	6.711703	2430.763135	863.773183	-18.581308	0.000000	6.711703	0.000000	0.000000	0.000000
38.200000	3310.731909	3303.788998	6.942911	2453.038893	869.253788	-18.503684	0.000000	6.942911	0.000000	0.000000	0.000000
38.400000	3339.031775	3331.851558	7.180217	2475.447009	874.830857	-18.426308	0.000000	7.180217	0.000000	0.000000	0.000000
38.600000	3367.566082	3360.142293	7.423788	2497.988962	880.502513	-18.349181	0.000000	7.423788	0.000000	0.000000	0.000000
38.800000	3396.336747	3388.662948	7.673798	2520.668070	886.267182	-18.272304	0.000000	7.673798	0.000000	0.000000	0.000000
39.000000	3425.342332	3417.411924	7.930408	2543.484893	892.122712	-18.195681	0.000000	7.930408	0.000000	0.000000	0.000000
39.200000	3454.584461	3446.390662	8.193800	2566.442460	898.067515	-18.119314	0.000000	8.193800	0.000000	0.000000	0.000000
39.400000	3484.063290	3475.599127	8.464163	2589.542499	904.099831	-18.043203	0.000000	8.464163	0.000000	0.000000	0.000000
39.600000	3513.778545	3505.036874	8.741670	2612.786542	910.217686	-17.967354	0.000000	8.741670	0.000000	0.000000	0.000000
39.800000	3543.730873	3534.704351	9.026522	2636.176692	916.419426	-17.891767	0.000000	9.026522	0.000000	0.000000	0.000000
40.000000	3573.920558	3564.601648	9.318910	2659.714831	922.703261	-17.816445	0.000000	9.318910	0.000000	0.000000	0.000000
40.200000	3604.348490	3594.729448	9.619042	2683.403258	929.067580	-17.741389	0.000000	9.619042	0.000000	0.000000	0.000000
40.400000	3635.013808	3625.086689	9.927119	2707.242831	935.510463	-17.666604	0.000000	9.927119	0.000000	0.000000	0.000000
40.600000	3665.917675	3655.674317	10.243358	2731.236046	942.030362	-17.592091	0.000000	10.243358	0.000000	0.000000	0.000000
40.800000	3697.060962	3686.492982	10.567980	2755.385126	948.625706	-17.517851	0.000000	10.567980	0.000000	0.000000	0.000000
41.000000	3728.443177	3717.541976	10.901201	2779.691191	955.294673	-17.443889	0.000000	10.901201	0.000000	0.000000	0.000000
41.200000	3760.064769	3748.821508	11.243262	2804.155997	962.035716	-17.370205	0.000000	11.243262	0.000000	0.000000	0.000000
41.400000	3791.926477	3780.332094	11.594384	2828.781682	968.847216	-17.296804	0.000000	11.594384	0.000000	0.000000	0.000000
41.600000	3824.029054	3812.074231	11.954823	2853.570187	975.727731	-17.223687	0.000000	11.954823	0.000000	0.000000	0.000000
41.800000	3856.371902	3844.047075	12.324827	2878.522375	982.675555	-17.150856	0.000000	12.324827	0.000000	0.000000	0.000000
42.000000	3888.955985	3876.251342	12.704643	2903.640444	989.689213	-17.078314	0.000000	12.704643	0.000000	0.000000	0.000000
42.200000	3921.781891	3908.687342	13.094549	2928.926090	996.767316	-17.006063	0.000000	13.094549	0.000000	0.000000	0.000000
42.400000	3954.849976	3941.355174	13.494802	2954.380943	1003.908338	-16.934107	0.000000	13.494802	0.000000	0.000000	0.000000
42.600000	3988.160194	3974.254518	13.905676	2980.006215	1011.110751	-16.862448	0.000000	13.905676	0.000000	0.000000	0.000000
42.800000	4021.713884	4007.386420	14.327464	3005.804179	1018.373329	-16.791087	0.000000	14.327464	0.000000	0.000000	0.000000
43.000000	4055.510771	4040.750315	14.760456	3031.775772	1025.694572	-16.720028	0.000000	14.760456	0.000000	0.000000	0.000000
43.200000	4089.551350	4074.346402	15.204948	3057.922560	1033.073115	-16.649274	0.000000	15.204948	0.000000	0.000000	0.000000
43.400000	4123.836707	4108.175453	15.661254	3084.246514	1040.507765	-16.578826	0.000000	15.661254	0.000000	0.000000	0.000000
43.600000	4158.366242	4142.236569	16.129673	3110.748277	1047.996981	-16.508688	0.000000	16.129673	0.000000	0.000000	0.000000
43.800000	4193.141167	4176.530617	16.610550	3137.429781	1055.539698	-16.438862	0.000000	16.610550	0.000000	0.000000	0.000000
44.000000	4228.161074	4211.056887	17.104187	3164.291828	1063.134412	-16.369353	0.000000	17.104187	0.000000	0.000000	0.000000
44.200000	4263.427286	4245.816334	17.610952	3191.336350	1070.780145	-16.300161	0.000000	17.610952	0.000000	0.000000	0.000000
44.400000	4298.941649	4280.810452	18.131197	3218.565794	1078.475944	-16.231286	0.000000	18.131197	0.000000	0.000000	0.000000
44.600000	4334.702245	4316.036989	18.665256	3245.979575	1086.220150	-16.162736	0.000000	18.665256	0.000000	0.000000	0.000000
44.800000	4370.709785	4351.496283	19.213503	3273.579109	1094.011687	-16.094513	0.000000	19.213503	0.000000	0.000000	0.000000
45.000000	4406.966526	4387.190200	19.776326	3301.367042	1101.849776	-16.026618	0.000000	19.776326	0.000000	0.000000	0.000000
45.200000	4443.471348	4423.117237	20.354111	3329.343249	1109.733041	-15.959053	0.000000	20.354111	0.000000	0.000000	0.000000
45.400000	4480.225388	4459.278139	20.947248	3357.509447	1117.660516	-15.891823	0.000000	20.947248	0.000000	0.000000	0.000000
45.600000	4517.229822	4495.673671	21.556151	3385.867309	1125.631291	-15.824929	0.000000	21.556151	0.000000	0.000000	0.000000
45.800000	4554.484216	4532.302983	22.181233	3414.417174	1133.644184	-15.758374	0.000000	22.181233	0.000000	0.000000	0.000000
46.000000	4591.989810	4569.166884	22.822926	3443.160709	1141.698337	-15.692162	0.000000	22.822926	0.000000	0.000000	0.000000
46.200000	4629.746150	4606.264499	23.481651	3472.098220	1149.792576	-15.626296	0.000000	23.481651	0.000000	0.000000	0.000000
46.400000	4667.754818	4643.596930	24.157888	3501.231496	1157.926211	-15.560778	0.000000	24.157888	0.000000	0.000000	0.000000
46.600000	4706.016063	4681.163974	24.852089	3530.561325	1166.098258	-15.495610	0.000000	24.852089	0.000000	0.000000	0.000000
46.800000	4744.529444	4718.964725	25.564720	3560.087892	1174.307629	-15.430797	0.000000	25.564720	0.000000	0.000000	0.000000
47.000000	4783.298271	4757.001999	26.296272	3589.814375	1182.553963	-15.366339	0.000000	26.296272	0.000000	0.000000	0.000000
47.200000	4822.319737	4795.272489	27.047248	3619.738910	1190.835820	-15.302241	0.000000	27.047248	0.000000	0.000000	0.000000
47.400000	4861.596970	4833.778808	27.818162	3649.864476	1199.152838	-15.238506	0.000000	27.818162	0.000000	0.000000	0.000000
47.600000	4901.129153	4872.519638	28.609515	3680.190840	1207.503936	-15.175137	0.000000	28.609515	0.000000	0.000000	0.000000
47.800000	4940.917530	4911.495659	29.421872	3710.719301	1215.888494	-15.112135	0.000000	29.421872	0.000000	0.000000	0.000000
48.000000	4980.963159	4950.707389	30.255770	3741.451074	1224.305821	-15.049505	0.000000	30.255770	0.000000	0.000000	0.000000
48.200000	5021.264662	4990.152907	31.111756	3772.385359	1232.754799	-14.987251	0.000000	31.111756	0.000000	0.000000	0.000000
48.400000	5061.825647	5029.835200	31.990446	3803.525263	1241.235309	-14.925373	0.000000	31.990446	0.000000	0.000000	0.000000
48.600000	5102.643954	5069.751535	32.892419	3834.869279	1249.746131	-14.863875	0.000000	32.892419	0.000000	0.000000	0.000000
48.800000	5143.722187	5109.903911	33.818276	3866.419729	1258.286942	-14.802761	0.000000	33.818276	0.000000	0.000000	0.000000
49.000000	5185.059657	5150.291031	34.768626	3898.176236	1266.856829	-14.742034	0.000000	34.768626	0.000000	0.000000	0.000000
49.200000	5226.658573	5190.914427	35.744147	3930.140638	1275.455484	-14.681695	0.000000	35.744147	0.000000	0.000000	0.000000
49.400000	5268.518566	5231.773102	36.745464	3962.312780	1284.082072	-14.621749	0.000000	36.745464	0.000000	0.000000	0.000000
49.600000	5310.639866	5272.866618	37.773248	3994.692903	1292.735914	-14.562200	0.000000	37.773248	0.000000	0.000000	0.000000
49.800000	5353.023901	5314.195729	38.828172	4027.282226	1301.416553	-14.503049	0.000000	38.828172	0.000000	0.000000	0.000000
50.000000	5395.671455	5355.760466	39.910989	4060.081278	1310.123488	-14.444299	0.000000	39.910989	0.000000	0.000000	0.000000
50.200000	5438.582017	5397.559665	41.022352	4093.089730	1318.855891	-14.385956	0.000000	41.022352	0.000000	0.000000	0.000000
50.400000	5481.757892	5439.594820	42.163072	4126.309255	1327.613585	-14.328020	0.000000	42.163072	0.000000	0.000000	0.000000
50.600000	5525.199175	5481.865336	43.333840	4159.739947	1336.395885	-14.270496	0.000000	43.333840	0.000000	0.000000	0.000000
50.800000	5568.905949	5524.370505	44.535445	4193.381702	1345.202189	-14.213386	0.000000	44.535445	0.000000	0.000000	0.000000
51.000000	5612.880466	5567.111764	45.768702	4227.236154	1354.032304	-14.156694	0.000000	45.768702	0.000000	0.000000	0.000000
51.200000	5657.121521	5610.087139	47.034382	4261.302184	1362.885378	-14.100424	0.000000	47.034382	0.000000	0.000000	0.000000
51.400000	5701.631481	5653.298122	48.333359	4295.581423	1371.761276	-14.044577	0.000000	48.333359	0.000000	0.000000	0.000000
51.600000	5746.410975	5696.744488	49.666487	4330.074115	1380.659530	-13.989156	0.000000	49.666487	0.000000	0.000000	0.000000
51.800000	5791.458827	5740.424272	51.034555	4364.779131	1389.579310	-13.934169	0.000000	51.034555	0.000000	0.000000	0.000000
52.000000	5836.778662	5784.340130	52.438533	4399.698983	1398.520761	-13.879614	0.000000	52.438533	0.000000	0.000000	0.000000
52.200000	5882.370482	5828.491166	53.879316	4434.833338	1407.483323	-13.825496	0.000000	53.879316	0.000000	0.000000	0.000000
52.400000	5928.233098	5872.875280	55.357819	4470.180859	1416.466239	-13.771818	0.000000	55.357819	0.000000	0.000000	0.000000
52.600000	5974.369309	5917.494325	56.874984	4505.743432	1425.469479	-13.718585	0.000000	56.874984	0.000000	0.000000	0.000000
52.800000	6020.779346	5962.347534	58.431811	4541.520755	1434.492579	-13.665799	0.000000	58.431811	0.000000	0.000000	0.000000
53.000000	6067.464387	6007.435116	60.029271	4577.513349	1443.535230	-13.613463	0.000000	60.029271	0.000000	0.000000	0.000000
53.200000	6114.425375	6052.756935	61.668441	4613.721387	1452.597128	-13.561580	0.000000	61.668441	0.000000	0.000000	0.000000
53.400000	6161.662989	6098.312702	63.350288	4650.144988	1461.677868	-13.510154	0.000000	63.350288	0.000000	0.000000	0.000000
53.600000	6209.177204	6144.101318	65.075886	4686.783535	1470.776973	-13.459190	0.000000	65.075886	0.000000	0.000000	0.000000
53.800000	6256.970589	6190.124198	66.846391	4723.638438	1479.894448	-13.408688	0.000000	66.846391	0.000000	0.000000	0.000000
54.000000	6305.041819	6236.378979	68.662840	4760.708067	1489.029566	-13.358655	0.000000	68.662840	0.000000	0.000000	0.000000
54.200000	6353.395195	6282.868781	70.526415	4797.995231	1498.182641	-13.309091	0.000000	70.526415	0.000000	0.000000	0.000000
54.400000	6402.028493	6329.590242	72.438251	4835.497421	1507.352821	-13.260001	0.000000	72.438251	0.000000	0.000000	0.000000
54.600000	6450.943854	6376.544317	74.399537	4873.215666	1516.540039	-13.211389	0.000000	74.399537	0.000000	0.000000	0.000000
54.800000	6500.143081	6423.731554	76.411527	4911.150626	1525.744185	-13.163257	0.000000	76.411527	0.000000	0.000000	0.000000
55.000000	6549.625983	6471.150558	78.475425	4949.301386	1534.964781	-13.115609	0.000000	78.475425	0.000000	0.000000	0.000000
55.200000	6599.393302	6518.800830	80.592472	4987.667756	1544.201523	-13.068449	0.000000	80.592472	0.000000	0.000000	0.000000
55.400000	6649.446693	6566.682702	82.763992	5026.250193	1553.454290	-13.021781	0.000000	82.763992	0.000000	0.000000	0.000000
55.600000	6699.788177	6614.796851	84.991326	5065.049438	1562.723018	-12.975606	0.000000	84.991326	0.000000	0.000000	0.000000
55.800000	6750.416656	6663.140910	87.275746	5104.063750	1572.007090	-12.929930	0.000000	87.275746	0.000000	0.000000	0.000000
56.000000	6801.335115	6711.716431	89.618685	5143.294557	1581.306629	-12.884755	0.000000	89.618685	0.000000	0.000000	0.000000
56.200000	6852.544687	6760.523131	92.021556	5182.741788	1590.621427	-12.840084	0.000000	92.021556	0.000000	0.000000	0.000000
56.400000	6904.044569	6809.558858	94.485711	5222.403845	1599.950936	-12.795923	0.000000	94.485711	0.000000	0.000000	0.000000
56.600000	6955.836764	6858.824105	97.012659	5262.281265	1609.295114	-12.752273	0.000000	97.012659	0.000000	0.000000	0.000000
56.800000	7007.923200	6908.319301	99.603899	5302.374537	1618.653903	-12.709139	0.000000	99.603899	0.000000	0.000000	0.000000
57.000000	7060.305861	6958.044917	102.260945	5342.684191	1628.027249	-12.666523	0.000000	102.260945	0.000000	0.000000	0.000000
57.200000	7112.982405	7007.997145	104.985260	5383.207215	1637.414361	-12.624430	0.000000	104.985260	0.000000	0.000000	0.000000
57.400000	7165.957792	7058.179243	107.778549	5423.946387	1646.815718	-12.582863	0.000000	107.778549	0.000000	0.000000	0.000000
57.600000	7219.233685	7108.591277	110.642409	5464.901884	1656.231217	-12.541824	0.000000	110.642409	0.000000	0.000000	0.000000
57.800000	7272.806213	7159.227901	113.578312	5506.069410	1665.659811	-12.501320	0.000000	113.578312	0.000000	0.000000	0.000000
58.000000	7326.681140	7210.093092	116.588048	5547.452333	1675.102110	-12.461352	0.000000	116.588048	0.000000	0.000000	0.000000
58.200000	7380.857227	7261.183939	119.673288	5589.048324	1684.557539	-12.421924	0.000000	119.673288	0.000000	0.000000	0.000000
58.400000	7435.337803	7312.502080	122.835723	5630.858849	1694.026270	-12.383039	0.000000	122.835723	0.000000	0.000000	0.000000
58.600000	7490.124277	7364.047057	126.077220	5672.883568	1703.508191	-12.344702	0.000000	126.077220	0.000000	0.000000	0.000000
58.800000	7545.217102	7415.817628	129.399474	5715.121548	1713.002995	-12.306915	0.000000	129.399474	0.000000	0.000000	0.000000
59.000000	7600.617803	7467.813533	132.804270	5757.572652	1722.510564	-12.269683	0.000000	132.804270	0.000000	0.000000	0.000000
59.200000	7656.326780	7520.033250	136.293530	5800.235637	1732.030621	-12.233008	0.000000	136.293530	0.000000	0.000000	0.000000
59.400000	7712.346056	7572.477011	139.869045	5843.110787	1741.563120	-12.196896	0.000000	139.869045	0.000000	0.000000	0.000000
59.600000	7768.678716	7625.145837	143.532879	5886.198962	1751.108223	-12.161348	0.000000	143.532879	0.000000	0.000000	0.000000
59.800000	7825.324600	7678.037785	147.286815	5929.498629	1760.665524	-12.126369	0.000000	147.286815	0.000000	0.000000	0.000000
60.000000	7882.285428	7731.152527	151.132901	5973.009530	1770.234958	-12.091962	0.000000	151.132901	0.000000	0.000000	0.000000
